Date,Open,High,Low,Close,Adj Close,Volume
2012-06-04,20.053572,20.267857,19.589287,20.153214,17.231359,556995600
2012-06-05,20.045357,20.231071,19.940357,20.101070,17.186771,388214400
2012-06-06,20.277500,20.494642,20.196428,20.409286,17.450306,401455600
2012-06-07,20.617500,20.618570,20.375000,20.418571,17.458250,379766800
2012-06-08,20.414286,20.735001,20.321428,20.725714,17.720858,347516400
2012-06-11,20.990000,21.017857,20.379642,20.398930,17.441450,591264800
2012-06-12,20.516430,20.593571,20.239286,20.577143,17.593822,435380400
2012-06-13,20.518572,20.660000,20.370714,20.434286,17.471684,293580000
2012-06-14,20.401428,20.482143,20.259287,20.411785,17.452442,345573200
2012-06-15,20.392857,20.522142,20.341070,20.504642,17.531834,335255200
2012-06-18,20.391430,20.996071,20.370358,20.920713,17.887589,440412000
2012-06-19,20.835714,21.071428,20.825001,20.978930,17.937359,361404400
2012-06-20,21.007500,21.044643,20.742857,20.919287,17.886368,358943200
2012-06-21,20.908571,21.007856,20.622856,20.631071,17.639931,326351200
2012-06-22,20.680000,20.792500,20.550714,20.789286,17.775213,284471600
2012-06-25,20.617857,20.707144,20.370358,20.384644,17.429237,304382400
2012-06-26,20.404642,20.517500,20.261786,20.429644,17.467712,276536400
2012-06-27,20.535713,20.597857,20.425714,20.517857,17.543127,202997200
2012-06-28,20.416786,20.500000,20.200357,20.323214,17.376715,282836400
2012-06-29,20.642857,20.857143,20.508928,20.857143,17.833231,421500800
2012-07-02,20.883215,21.195356,20.842857,21.161428,18.093399,400092000
2012-07-03,21.245714,21.428572,21.214287,21.407499,18.303797,241712800
2012-07-05,21.448570,21.940714,21.416071,21.783571,18.625345,484383200
2012-07-06,21.681786,21.730000,21.485001,21.638571,18.501364,418930400
2012-07-09,21.617857,21.924999,21.575357,21.924643,18.745964,379405600
2012-07-10,22.070356,22.138214,21.618214,21.721786,18.572514,511957600
2012-07-11,21.647142,21.702143,21.329287,21.586786,18.457092,469322000
2012-07-12,21.437143,21.552500,21.167143,21.389286,18.288218,428041600
2012-07-13,21.533930,21.685356,21.428572,21.606071,18.473581,311427200
2012-07-16,21.611429,21.843571,21.607857,21.675358,18.532818,301260400
2012-07-17,21.813929,21.839287,21.541071,21.676430,18.533731,293624800
2012-07-18,21.663929,21.726429,21.555714,21.652143,18.512976,252700000
2012-07-19,21.831429,21.976786,21.642857,21.940001,18.759092,436861600
2012-07-20,21.893929,21.944286,21.560715,21.582144,18.453121,397471200
2012-07-23,21.228571,21.639286,20.989643,21.565357,18.438761,487975600
2012-07-24,21.692142,21.774286,21.375357,21.461430,18.349905,565132400
2012-07-25,20.516430,20.742857,20.357143,20.534643,17.557491,877312800
2012-07-26,20.705713,20.728571,20.370001,20.531429,17.554739,406632800
2012-07-27,20.536072,20.922501,20.413929,20.898571,17.868652,403936400
2012-07-30,21.104286,21.408571,20.993570,21.251072,18.170046,379142400
2012-07-31,21.543928,21.846430,21.525715,21.812857,18.650385,462327600
2012-08-01,21.996786,22.014286,21.535713,21.671785,18.529766,384501600
2012-08-02,21.530001,21.810356,21.437500,21.706785,18.559689,332158400
2012-08-03,21.915358,22.070715,21.841429,21.989286,18.801231,344920800
2012-08-06,22.046070,22.316786,21.973572,22.233929,19.010414,302103200
2012-08-07,22.241785,22.321428,22.072857,22.175358,18.960323,290446800
2012-08-08,22.121071,22.281429,22.039286,22.137857,18.928259,244706000
2012-08-09,22.066071,22.204643,22.064285,22.168928,19.036215,221642400
2012-08-10,22.096786,22.205713,22.096430,22.203571,19.065966,194938800
2012-08-13,22.263929,22.500000,22.258928,22.500000,19.320501,278832400
2012-08-14,22.566786,22.807501,22.507500,22.560356,19.372326,340169200
2012-08-15,22.546429,22.642857,22.419643,22.529642,19.345953,257342400
2012-08-16,22.543215,22.741428,22.517857,22.726429,19.514933,254534000
2012-08-17,22.857143,23.149643,22.814644,23.146786,19.875883,442761200
2012-08-20,23.214643,23.755358,23.210714,23.755358,20.398458,613384800
2012-08-21,23.957857,24.102858,23.226070,23.430714,20.119690,812719600
2012-08-22,23.372143,23.892857,23.146786,23.888214,20.512543,565322800
2012-08-23,23.789642,23.924999,23.612499,23.665358,20.321178,420128800
2012-08-24,23.553928,23.910000,23.412500,23.686428,20.339270,437340400
2012-08-27,24.285357,24.316786,24.055000,24.131430,20.721390,427008400
2012-08-28,24.106428,24.146429,23.952499,24.100000,20.694408,267416800
2012-08-29,24.116072,24.202499,24.021429,24.052500,20.653620,202806800
2012-08-30,23.951429,23.983929,23.673214,23.709642,20.359209,302699600
2012-08-31,23.830357,23.878571,23.473213,23.758572,20.401217,338321200
2012-09-04,23.777143,24.112143,23.732143,24.106071,20.699617,367892000
2012-09-05,24.127501,24.155357,23.914286,23.936787,20.554253,336375200
2012-09-06,24.041786,24.224644,23.957144,24.152500,20.739479,391196400
2012-09-07,24.216070,24.374287,24.134644,24.301430,20.867371,329666400
2012-09-10,24.301786,24.403214,23.646429,23.669287,20.324556,487998000
2012-09-11,23.753929,23.932142,23.446428,23.592501,20.258617,503983200
2012-09-12,23.816071,23.924999,23.428572,23.921070,20.540762,712233200
2012-09-13,24.191786,24.482143,24.098928,24.392143,20.945265,598360000
2012-09-14,24.641430,24.892143,24.567499,24.688572,21.199804,600474000
2012-09-17,24.976786,24.992857,24.807501,24.992144,21.460478,398031200
2012-09-18,24.995714,25.083214,24.872143,25.068214,21.525791,373503200
2012-09-19,25.009287,25.142500,24.984644,25.075001,21.531626,326874800
2012-09-20,24.969999,25.002144,24.772142,24.953571,21.427361,336568400
2012-09-21,25.086071,25.181070,24.977142,25.003214,21.469980,571589200
2012-09-24,24.530714,24.825714,24.392857,24.671070,21.184774,639766400
2012-09-25,24.580713,24.742144,24.035713,24.055000,20.655760,518789600
2012-09-26,23.883572,24.024643,23.614286,23.756430,20.399387,576503200
2012-09-27,23.724644,24.363214,23.583929,24.332857,20.894356,594090000
2012-09-28,24.241072,24.325357,23.812500,23.825001,20.458261,535110800
2012-10-01,23.969999,24.169643,23.446428,23.549643,20.221817,543594800
2012-10-02,23.636070,23.798214,23.237499,23.618214,20.280703,627992400
2012-10-03,23.745001,23.995001,23.665358,23.980356,20.591663,424281200
2012-10-04,23.973213,24.080357,23.769644,23.814285,20.449064,370725600
2012-10-05,23.757143,23.785713,23.260000,23.306786,20.013277,594006000
2012-10-08,23.102858,23.127144,22.718214,22.791786,19.571058,637994000
2012-10-09,22.808929,22.874643,22.269644,22.708929,19.499905,838597200
2012-10-10,22.847857,23.035000,22.750000,22.889643,19.655081,510356000
2012-10-11,23.089287,23.114286,22.432142,22.432142,19.262234,546081200
2012-10-12,22.484285,22.692142,22.332144,22.489643,19.311605,460014800
2012-10-15,22.583929,22.683214,22.280357,22.670000,19.466480,432502000
2012-10-16,22.691786,23.225000,22.535713,23.206785,19.927412,549771600
2012-10-17,23.173929,23.313929,23.000000,23.021786,19.768555,389037600
2012-10-18,22.842501,22.930714,22.500000,22.594286,19.401461,476624400
2012-10-19,22.537500,22.563213,21.772142,21.780001,18.702250,744086000
2012-10-22,21.872143,22.692142,21.812857,22.643929,19.444088,546730800
2012-10-23,22.535713,22.639286,21.846430,21.905714,18.810194,707145600
2012-10-24,22.194286,22.376785,21.808571,22.029642,18.916611,558527200
2012-10-25,22.142857,22.214287,21.626785,21.769285,18.693043,656325600
2012-10-26,21.765356,21.928572,21.107143,21.571428,18.523148,1018432800
2012-10-31,21.245714,21.498571,20.989286,21.261429,18.256958,510003200
2012-11-01,21.365000,21.535713,21.220358,21.305000,18.294367,361298000
2012-11-02,21.281786,21.319643,20.526787,20.600000,17.688992,599373600
2012-11-05,20.840000,20.991785,20.628571,20.879286,17.928808,529135600
2012-11-06,21.079643,21.097857,20.717501,20.816071,17.874531,374917200
2012-11-07,20.494286,20.519285,19.848213,19.928572,17.190603,793648800
2012-11-08,20.022499,20.079643,19.117500,19.205357,16.566748,1056146000
2012-11-09,19.300714,19.817142,19.061428,19.537857,16.853569,929913600
2012-11-12,19.791071,19.803572,19.237499,19.386786,16.723253,515802000
2012-11-13,19.246786,19.660000,19.155714,19.389286,16.725410,532949200
2012-11-14,19.482143,19.551786,19.149286,19.174286,16.539953,477170400
2012-11-15,19.197500,19.267857,18.665001,18.772142,16.193056,789910800
2012-11-16,18.757143,18.928572,18.062500,18.845715,16.256517,1266893600
2012-11-19,19.311071,20.267857,19.281429,20.204643,17.428741,823317600
2012-11-20,20.425358,20.426786,19.806429,20.032499,17.280258,642754000
2012-11-21,20.151787,20.263214,19.878571,20.060715,17.304594,373002000
2012-11-23,20.256071,20.428572,20.092857,20.410713,17.606503,272826400
2012-11-26,20.567858,21.071428,20.489643,21.054644,18.161968,630579600
2012-11-27,21.055357,21.086430,20.717857,20.885000,18.015629,533330000
2012-11-28,20.616785,20.921429,20.437857,20.819286,17.958944,520864400
2012-11-29,21.079287,21.223213,20.901787,21.048571,18.156731,514698800
2012-11-30,20.956785,21.014286,20.809999,20.902857,18.031038,391319600
2012-12-03,21.201786,21.235357,20.910713,20.935356,18.059071,364280000
2012-12-04,20.778570,20.778570,20.433214,20.566071,17.740517,557068400
2012-12-05,20.318214,20.330357,19.241785,19.242500,16.598795,1044638000
2012-12-06,18.890715,19.761070,18.522499,19.544287,16.859112,1177212400
2012-12-07,19.764286,19.828571,18.928572,19.044643,16.428116,787040800
2012-12-10,18.750000,19.232500,18.627857,18.922144,16.322449,630484400
2012-12-11,19.277500,19.627144,19.191786,19.335358,16.678888,592345600
2012-12-12,19.563213,19.571428,19.152500,19.250000,16.605263,487144000
2012-12-13,18.969643,19.201429,18.778570,18.917500,16.318436,625259600
2012-12-14,18.383928,18.504642,18.056429,18.206785,15.705370,1009579200
2012-12-17,18.176071,18.571428,17.901072,18.529642,15.983876,757607200
2012-12-18,18.750000,19.103571,18.580357,19.067858,16.448141,625685200
2012-12-19,18.981071,19.060715,18.767857,18.796785,16.214314,449369200
2012-12-20,18.928572,18.935715,18.531429,18.633215,16.073217,481689600
2012-12-21,18.302500,18.559643,18.222857,18.547501,15.999276,596268400
2012-12-24,18.583929,18.723213,18.525356,18.577499,16.025154,175753200
2012-12-26,18.535713,18.552143,18.254286,18.321428,15.804265,302436400
2012-12-27,18.340714,18.437500,18.023571,18.395000,15.867729,455120400
2012-12-28,18.224644,18.374287,18.147142,18.199642,15.699214,354278400
2012-12-31,18.233213,19.121429,18.178572,19.006071,16.394842,659492400
2013-01-02,19.779285,19.821428,19.343929,19.608213,16.914261,560518000
2013-01-03,19.567142,19.631071,19.321428,19.360714,16.700762,352965200
2013-01-04,19.177500,19.236786,18.779642,18.821428,16.235567,594333600
2013-01-07,18.642857,18.903570,18.400000,18.710714,16.140066,484156400
2013-01-08,18.900356,18.996071,18.616072,18.761070,16.183502,458707200
2013-01-09,18.660713,18.750357,18.428213,18.467857,15.930571,407604400
2013-01-10,18.876785,18.882856,18.411428,18.696787,16.128048,601146000
2013-01-11,18.607143,18.761429,18.536428,18.582144,16.029161,350506800
2013-01-14,17.952856,18.125000,17.803928,17.919643,15.457684,734207600
2013-01-15,17.796429,17.821072,17.263571,17.354286,14.969995,876772400
2013-01-16,17.665714,18.194286,17.589287,18.074642,15.591387,690804800
2013-01-17,18.225357,18.241072,17.929644,17.952856,15.486327,453678400
2013-01-18,17.804285,17.936428,17.728571,17.857143,15.403763,472922800
2013-01-22,18.020000,18.138571,17.736786,18.027500,15.550722,461546400
2013-01-23,18.171785,18.392500,18.027500,18.357500,15.835379,861509600
2013-01-24,16.428572,16.633215,16.080357,16.089287,13.878795,1460852400
2013-01-25,16.131786,16.293928,15.535714,15.710000,13.551618,1208026400
2013-01-28,15.636786,16.186071,15.566429,16.065357,13.858151,785517600
2013-01-29,16.375000,16.435715,16.147142,16.366785,14.118167,571158000
2013-01-30,16.321428,16.521429,16.232143,16.315357,14.073808,417155200
2013-01-31,16.320715,16.402857,16.249287,16.267500,14.032523,319334400
2013-02-01,16.396786,16.410000,16.012501,16.200714,13.974913,539484400
2013-02-04,16.211071,16.283571,15.785714,15.797143,13.626788,477117200
2013-02-05,15.858929,16.419287,15.793571,16.351429,14.104919,573347600
2013-02-06,16.302500,16.660713,16.163570,16.333929,14.089826,593706400
2013-02-07,16.544643,16.785713,16.218571,16.722143,14.508776,704580800
2013-02-08,16.928572,17.100357,16.723213,16.963572,14.718239,633158400
2013-02-11,17.017857,17.319286,16.901787,17.140356,14.871631,517490400
2013-02-12,17.125357,17.227858,16.705000,16.710714,14.498856,609053200
2013-02-13,16.686071,16.915714,16.543571,16.678928,14.471275,475207600
2013-02-14,16.590000,16.844286,16.572144,16.663929,14.458264,355275200
2013-02-15,16.744642,16.791430,16.425714,16.434286,14.259015,391745200
2013-02-19,16.467857,16.526072,16.208929,16.428213,14.253748,435783600
2013-02-20,16.346071,16.346071,16.028570,16.030357,13.908553,476302400
2013-02-21,15.928571,16.041786,15.815000,15.930714,13.822097,447182400
2013-02-22,16.044643,16.128571,15.950000,16.100357,13.969284,330654800
2013-02-25,16.208929,16.254286,15.806071,15.814286,13.721081,372579200
2013-02-26,15.850714,16.126429,15.630714,16.034643,13.912270,501499600
2013-02-27,16.015356,16.158571,15.737500,15.877500,13.775928,587350400
2013-02-28,15.858929,15.995357,15.764286,15.764286,13.677692,322515200
2013-03-01,15.642857,15.649286,15.356429,15.373929,13.339008,552448400
2013-03-04,15.278571,15.292857,14.964286,15.001786,13.016125,582755600
2013-03-05,15.052857,15.542500,15.026786,15.397857,13.359769,638433600
2013-03-06,15.518214,15.544643,15.158214,15.202143,13.189958,460250000
2013-03-07,15.160714,15.428929,15.037857,15.377857,13.342421,468473600
2013-03-08,15.350000,15.551071,15.307500,15.418571,13.377739,391482000
2013-03-11,15.348214,15.678929,15.183571,15.638214,13.568313,474236000
2013-03-12,15.557143,15.674286,15.270357,15.301071,13.275794,465911600
2013-03-13,15.301786,15.517857,15.191429,15.298214,13.273318,405549200
2013-03-14,15.458214,15.522857,15.373214,15.446429,13.401915,303875600
2013-03-15,15.640357,15.865357,15.616071,15.845000,13.747732,643960800
2013-03-18,15.766071,16.337856,15.757143,16.275715,14.121428,606197200
2013-03-19,16.410713,16.463215,16.017857,16.231787,14.083320,526775200
2013-03-20,16.336430,16.343929,16.056786,16.145714,14.008638,308660800
2013-03-21,16.079287,16.356428,16.075001,16.168928,14.028783,383255600
2013-03-22,16.235001,16.503571,16.182501,16.496786,14.313242,395105200
2013-03-25,16.596071,16.783930,16.492144,16.556429,14.364993,501135600
2013-03-26,16.622856,16.637142,16.447500,16.469286,14.289381,294294000
2013-03-27,16.302143,16.314285,16.097500,16.145714,14.008638,331237200
2013-03-28,16.065001,16.136429,15.772143,15.809286,13.716742,442839600
2013-04-01,15.782143,15.846429,15.276429,15.318214,13.290669,389732000
2013-04-02,15.271429,15.647857,15.228571,15.349643,13.317938,529519200
2013-04-03,15.406071,15.617143,15.368214,15.428214,13.386109,363216000
2013-04-04,15.491429,15.535714,15.187500,15.275714,13.253796,358447600
2013-04-05,15.160714,15.176786,14.988571,15.114286,13.113731,383695200
2013-04-08,15.173214,15.267857,15.088929,15.221786,13.207004,300829200
2013-04-09,15.227143,15.303571,15.098214,15.249286,13.230864,306614000
2013-04-10,15.289286,15.609286,15.214643,15.560357,13.500758,375928000
2013-04-11,15.490000,15.642500,15.400000,15.511786,13.458622,328364400
2013-04-12,15.505357,15.505357,15.324643,15.350000,13.318248,238613200
2013-04-15,15.250000,15.281786,14.983929,14.994643,13.009925,317520000
2013-04-16,15.056071,15.236071,15.020357,15.222857,13.207933,305771200
2013-04-17,15.009643,15.021429,14.218214,14.385714,12.481595,945056000
2013-04-18,14.463929,14.492500,13.919286,14.001786,12.148485,666299200
2013-04-19,13.856071,14.271429,13.753571,13.947500,12.101384,609274400
2013-04-22,14.022857,14.364286,13.973929,14.238214,12.353617,429920400
2013-04-23,14.428214,14.585000,14.243214,14.504643,12.584784,664238400
2013-04-24,14.055000,14.830357,14.017857,14.480714,12.564019,969651200
2013-04-25,14.686786,14.783571,14.535714,14.585000,12.654503,384837600
2013-04-26,14.636071,14.956071,14.580357,14.900000,12.927810,764097600
2013-04-29,15.016071,15.486429,15.000000,15.361429,13.328165,640326400
2013-04-30,15.539286,15.901786,15.431071,15.813571,13.720459,691538400
2013-05-01,15.873571,15.890357,15.513929,15.688929,13.612316,506909200
2013-05-02,15.777857,16.021070,15.736786,15.911429,13.805363,421828400
2013-05-03,16.118214,16.186787,16.041071,16.070715,13.943567,361300800
2013-05-06,16.275356,16.507143,16.225357,16.453930,14.276058,496641600
2013-05-07,16.606071,16.633928,16.203571,16.380714,14.212533,483753200
2013-05-08,16.394285,16.620358,16.278929,16.565714,14.373047,472598000
2013-05-09,16.421785,16.535713,16.270714,16.313213,14.247656,398487600
2013-05-10,16.356071,16.418215,16.088572,16.177500,14.129124,334852000
2013-05-13,16.125357,16.353571,16.125000,16.240713,14.184334,316948800
2013-05-14,16.208929,16.257143,15.791071,15.852143,13.844963,447118000
2013-05-15,15.684286,15.750000,15.084286,15.316071,13.376768,741613600
2013-05-16,15.115714,15.637500,14.960714,15.520714,13.555504,603204000
2013-05-17,15.680357,15.717500,15.393214,15.473571,13.514329,427904400
2013-05-20,15.425357,15.921429,15.360714,15.818929,13.815956,451578400
2013-05-21,15.648214,15.910000,15.507143,15.702143,13.713954,456022000
2013-05-22,15.858929,16.012501,15.650714,15.762500,13.766674,443038400
2013-05-23,15.569643,15.934286,15.563929,15.790714,13.791314,353021200
2013-05-24,15.744643,15.916429,15.727143,15.898214,13.885202,276166800
2013-05-28,16.067858,16.111071,15.744643,15.765714,13.769479,386145200
2013-05-29,15.714286,15.982143,15.692857,15.891071,13.878966,330576400
2013-05-30,15.916071,16.232143,15.875357,16.127857,14.085766,353519600
2013-05-31,16.160713,16.325001,16.053572,16.061787,14.028064,384302800
2013-06-03,16.097500,16.155714,15.802857,16.097143,14.058944,372352400
2013-06-04,16.186428,16.229643,15.978214,16.046785,14.014962,292728800
2013-06-05,15.916071,16.097143,15.846786,15.896786,13.883957,290589600
2013-06-06,15.909643,15.964286,15.501786,15.659286,13.676526,416934000
2013-06-07,15.589286,15.830000,15.456071,15.778929,13.781022,404535600
2013-06-10,15.883214,16.038570,15.600000,15.674643,13.689939,450153200
2013-06-11,15.562143,15.812857,15.475714,15.628571,13.649702,286112400
2013-06-12,15.696429,15.758929,15.410714,15.435357,13.480952,265227200
2013-06-13,15.446429,15.612143,15.312500,15.570000,13.598542,285832400
2013-06-14,15.550000,15.581786,15.303571,15.358929,13.414201,271866000
2013-06-17,15.408571,15.560714,15.370000,15.428571,13.475026,259414400
2013-06-18,15.412857,15.532143,15.364643,15.420357,13.467851,195025600
2013-06-19,15.407143,15.416429,15.107143,15.107143,13.194299,310940000
2013-06-20,14.975000,15.213571,14.827500,14.887143,13.002151,357310800
2013-06-21,14.946071,15.000000,14.575000,14.767857,12.897969,481118400
2013-06-24,14.550000,14.595000,14.216071,14.376429,12.556102,480746000
2013-06-25,14.489286,14.563929,14.243929,14.379643,12.558910,314162800
2013-06-26,14.425000,14.456786,14.130714,14.216786,12.416673,367724000
2013-06-27,14.258929,14.335357,14.055000,14.063571,12.282859,337246000
2013-06-28,13.977143,14.295357,13.888214,14.161786,12.368637,578516400
2013-07-01,14.381786,14.723929,14.329286,14.615000,12.764468,391053600
2013-07-02,14.641429,15.058214,14.623929,14.946071,13.053618,469865200
2013-07-03,15.030714,15.106429,14.908929,15.028571,13.125671,240928800
2013-07-05,15.013929,15.117500,14.833929,14.907857,13.020243,274024800
2013-07-08,15.003929,15.035714,14.666071,14.823214,12.946317,298138400
2013-07-09,14.771429,15.125000,14.656429,15.083929,13.174019,352584400
2013-07-10,14.985714,15.171429,14.937500,15.026071,13.123490,281405600
2013-07-11,15.105357,15.294643,15.041786,15.260357,13.328109,326292400
2013-07-12,15.273214,15.349643,15.121786,15.232500,13.303781,279563200
2013-07-15,15.178929,15.409286,15.171429,15.265714,13.332785,241917200
2013-07-16,15.232857,15.382500,15.148929,15.364286,13.418880,216538000
2013-07-17,15.346429,15.436429,15.293571,15.368214,13.422313,198990400
2013-07-18,15.477857,15.531071,15.378929,15.420000,13.467541,218878800
2013-07-19,15.467857,15.499286,15.155357,15.176786,13.255118,268721600
2013-07-22,15.337857,15.348214,15.195357,15.225357,13.297541,207796400
2013-07-23,15.214286,15.248571,14.953929,14.963929,13.069215,369395600
2013-07-24,15.676071,15.878214,15.545000,15.732500,13.740471,591936800
2013-07-25,15.739286,15.764286,15.564643,15.660714,13.677773,229493600
2013-07-26,15.546429,15.751429,15.512143,15.749643,13.755445,200152400
2013-07-29,15.742857,16.071072,15.721429,15.992500,13.967546,248057600
2013-07-30,16.070000,16.326786,16.043928,16.190001,14.140041,309422400
2013-07-31,16.249643,16.333570,16.051071,16.161785,14.115398,322957600
2013-08-01,16.276787,16.314285,16.187857,16.309999,14.244854,206250800
2013-08-02,16.357500,16.530357,16.309286,16.519285,14.427636,274783600
2013-08-05,16.596071,16.809643,16.505358,16.766071,14.643172,318855600
2013-08-06,16.715000,16.853214,16.506071,16.616072,14.512165,334857600
2013-08-07,16.564285,16.678572,16.491785,16.606428,14.503741,298858000
2013-08-08,16.566429,16.575001,16.355356,16.464643,14.474864,255777200
2013-08-09,16.379999,16.445000,16.201786,16.230356,14.268886,266865200
2013-08-12,16.316429,16.737499,16.308214,16.691429,14.674234,364434000
2013-08-13,16.819286,17.666430,16.716070,17.484644,15.371589,881941200
2013-08-14,17.781429,18.008928,17.621429,17.803572,15.651973,756372400
2013-08-15,17.729286,17.942858,17.467142,17.782499,15.633447,490294000
2013-08-16,17.862499,17.962143,17.816429,17.940357,15.772225,362306000
2013-08-19,18.012142,18.347857,18.000000,18.133572,15.942091,510518400
2013-08-20,18.203930,18.234644,17.886429,17.895357,15.732662,358688400
2013-08-21,17.985357,18.112499,17.900000,17.941429,15.773174,335879600
2013-08-22,18.035000,18.056786,17.792856,17.962856,15.792010,244207600
2013-08-23,17.973928,17.976786,17.833929,17.893572,15.731096,222731600
2013-08-26,17.883928,18.221430,17.875000,17.963215,15.792324,330965600
2013-08-27,17.785713,17.946787,17.367857,17.449642,15.340818,424188800
2013-08-28,17.357143,17.707144,17.357143,17.532143,15.413350,307608000
2013-08-29,17.558929,17.732143,17.540358,17.560715,15.438466,239657600
2013-08-30,17.571428,17.605356,17.375000,17.400715,15.297808,272297200
2013-09-03,17.610714,17.878571,17.405357,17.449286,15.340508,331928800
2013-09-04,17.841429,17.937143,17.724285,17.810356,15.657938,345032800
2013-09-05,17.866072,17.881430,17.629999,17.688213,15.550556,236367600
2013-09-06,17.801430,17.834999,17.498215,17.793571,15.643186,359525600
2013-09-09,18.035713,18.139999,17.981428,18.077499,15.892796,340687200
2013-09-10,18.078571,18.123215,17.482143,17.665714,15.530776,743195600
2013-09-11,16.678928,16.917500,16.600357,16.703930,14.685226,898696400
2013-09-12,16.732143,16.978571,16.643213,16.881786,14.841587,404051200
2013-09-13,16.762142,16.851070,16.596430,16.603571,14.597001,298835600
2013-09-16,16.464287,16.486071,15.972143,16.075714,14.132933,543706800
2013-09-17,15.998571,16.418215,15.982143,16.261429,14.296203,399380800
2013-09-18,16.542143,16.655357,16.452143,16.595715,14.590090,456862000
2013-09-19,16.810715,16.993929,16.758928,16.867857,14.829342,404541200
2013-09-20,17.071428,17.091070,16.642857,16.693214,14.675810,699302800
2013-09-23,17.717857,17.746786,17.235714,17.522858,15.405187,762106800
2013-09-24,17.674286,17.695356,17.422144,17.467857,15.356830,364344400
2013-09-25,17.471430,17.487143,17.193930,17.197500,15.119145,316957200
2013-09-26,17.357143,17.448570,17.282143,17.365000,15.266406,237221600
2013-09-27,17.277857,17.309643,17.168571,17.241072,15.157454,228040400
2013-09-30,17.044643,17.202143,16.943214,17.026787,14.969068,260156400
2013-10-01,17.087500,17.469286,17.084999,17.427143,15.321038,353883600
2013-10-02,17.343929,17.564285,17.276787,17.484285,15.371273,289184000
2013-10-03,17.518213,17.583929,17.169287,17.264643,15.178171,322753200
2013-10-04,17.280714,17.307142,17.092857,17.251072,15.166246,258868400
2013-10-07,17.377144,17.594643,17.333929,17.419643,15.314448,312292400
2013-10-08,17.497856,17.522858,17.162144,17.176430,15.100621,290917200
2013-10-09,17.308571,17.421070,17.081429,17.378214,15.278022,301725200
2013-10-10,17.547144,17.584999,17.394285,17.487143,15.373783,278602800
2013-10-11,17.392500,17.637142,17.327143,17.600357,15.473318,267738800
2013-10-14,17.493929,17.770714,17.476786,17.715714,15.574736,261898000
2013-10-15,17.768213,17.928572,17.697144,17.809999,15.657631,320073600
2013-10-16,17.885357,17.947500,17.829643,17.896786,15.733923,251101200
2013-10-17,17.856428,18.027857,17.845715,18.017857,15.840364,253593200
2013-10-18,18.071072,18.187857,18.061071,18.174643,15.978204,290542000
2013-10-21,18.277500,18.725000,18.268572,18.620001,16.369736,398106800
2013-10-22,18.800358,18.873215,18.143929,18.566786,16.322954,534063600
2013-10-23,18.535713,18.773930,18.535713,18.748571,16.482769,313723200
2013-10-24,18.750000,19.016787,18.658930,18.996786,16.700989,384764800
2013-10-25,18.975714,19.043928,18.753929,18.784286,16.514166,337792000
2013-10-28,18.894285,18.964287,18.686071,18.924286,16.637243,550440800
2013-10-29,19.152500,19.258928,18.376429,18.452856,16.222788,635807200
2013-10-30,18.557501,18.840000,18.465000,18.746429,16.480883,354163600
2013-10-31,18.750000,18.838928,18.616785,18.667856,16.411808,275696400
2013-11-01,18.715000,18.742857,18.422857,18.572500,16.327972,274890000
2013-11-04,18.610714,18.815001,18.528929,18.812500,16.538975,244627600
2013-11-05,18.735001,18.888929,18.678572,18.766071,16.498156,265213200
2013-11-06,18.719643,18.745001,18.507143,18.604286,16.451420,223375600
2013-11-07,18.556429,18.685356,18.299286,18.303213,16.185181,262620400
2013-11-08,18.377857,18.611786,18.306786,18.591429,16.440046,279316800
2013-11-11,18.571072,18.631071,18.371786,18.537500,16.392361,227452400
2013-11-12,18.488214,18.711430,18.464287,18.571787,16.422674,204276800
2013-11-13,18.500000,18.651787,18.462856,18.593929,16.442255,197220800
2013-11-14,18.671785,18.902857,18.638214,18.862858,16.680065,282419200
2013-11-15,18.806429,18.896070,18.731787,18.749643,16.579950,317920400
2013-11-18,18.749643,18.828215,18.507143,18.522499,16.379095,244944000
2013-11-19,18.536785,18.692142,18.498928,18.555357,16.408146,208938800
2013-11-20,18.543928,18.586430,18.368929,18.392857,16.264452,193916800
2013-11-21,18.485714,18.614643,18.345358,18.612143,16.458361,262026800
2013-11-22,18.554285,18.648571,18.518929,18.564285,16.416042,223725600
2013-11-25,18.607857,18.781071,18.607143,18.705000,16.540470,229311600
2013-11-26,18.718571,19.147858,18.714287,19.049999,16.845551,401382800
2013-11-27,19.153929,19.500000,19.049999,19.498571,17.242214,363448400
2013-11-29,19.624287,19.940357,19.564644,19.859644,17.561501,318127600
2013-12-02,19.928572,20.154642,19.672144,19.686787,17.408648,472544800
2013-12-03,19.939285,20.227858,19.917143,20.225714,17.885208,450968000
2013-12-04,20.196428,20.328215,20.029285,20.178572,17.843523,377809600
2013-12-05,20.451786,20.540714,20.228930,20.282143,17.935110,447580000
2013-12-06,20.206785,20.241072,19.984644,20.000713,17.686249,344352400
2013-12-09,20.032143,20.342142,20.032143,20.229643,17.888685,320493600
2013-12-10,20.127857,20.281429,20.042856,20.198214,17.860897,278269600
2013-12-11,20.250000,20.391787,19.988930,20.048571,17.728569,359718800
2013-12-12,20.076429,20.190714,20.001072,20.019285,17.702669,262290000
2013-12-13,20.101786,20.102858,19.773930,19.801071,17.509703,332822000
2013-12-16,19.822144,20.094286,19.821787,19.910713,17.606659,282592800
2013-12-17,19.850357,19.980000,19.763571,19.821072,17.527395,229902400
2013-12-18,19.632143,19.694643,19.242857,19.670357,17.394123,565863200
2013-12-19,19.625000,19.642857,19.418928,19.445000,17.194834,320308800
2013-12-20,19.479643,19.700357,19.457857,19.607857,17.338854,436413600
2013-12-23,20.285713,20.382856,20.098572,20.360357,18.004272,501306400
2013-12-24,20.353214,20.424286,20.215357,20.273930,17.927849,167554800
2013-12-26,20.289286,20.339287,20.120714,20.139286,17.808794,204008000
2013-12-27,20.136429,20.157499,19.982143,20.003214,17.688457,225884400
2013-12-30,19.909286,20.003214,19.725714,19.804285,17.512554,253629600
2013-12-31,19.791786,20.045713,19.785713,20.036428,17.717831,223084400
2014-01-02,19.845715,19.893929,19.715000,19.754642,17.468657,234684800
2014-01-03,19.745001,19.775000,19.301071,19.320715,17.084936,392467600
2014-01-06,19.194643,19.528570,19.057142,19.426071,17.178101,412610800
2014-01-07,19.440001,19.498571,19.211430,19.287144,17.055254,317209200
2014-01-08,19.243214,19.484285,19.238930,19.409286,17.163258,258529600
2014-01-09,19.528570,19.530714,19.119642,19.161428,16.944086,279148800
2014-01-10,19.279642,19.314285,18.968214,19.033571,16.831026,304976000
2014-01-13,18.925358,19.375000,18.924286,19.133215,16.919136,378492800
2014-01-14,19.222143,19.526072,19.202143,19.513929,17.255791,332561600
2014-01-15,19.768572,20.007143,19.702143,19.905714,17.602242,391638800
2014-01-16,19.817858,19.887501,19.702856,19.794643,17.504025,229278000
2014-01-17,19.695715,19.716785,19.282143,19.309643,17.075148,426739600
2014-01-21,19.321072,19.645357,19.300714,19.609644,17.340431,328526800
2014-01-22,19.675358,19.903214,19.564644,19.696787,17.417494,379985200
2014-01-23,19.640715,19.875000,19.457500,19.863571,17.564983,403239200
2014-01-24,19.785713,19.843571,19.455357,19.502501,17.245689,429354800
2014-01-27,19.645357,19.814285,19.491072,19.660713,17.385595,554878800
2014-01-28,18.170000,18.392857,17.931070,18.089287,15.996011,1065523200
2014-01-29,17.998215,18.120358,17.807858,17.883928,15.814419,502810000
2014-01-30,17.947857,18.089287,17.739286,17.849285,15.783780,678501600
2014-01-31,17.684999,17.911785,17.626785,17.878571,15.809677,464797200
2014-02-03,17.950357,18.133215,17.832144,17.911785,15.839046,401464000
2014-02-04,18.066071,18.195000,17.955713,18.171070,16.068333,376681200
2014-02-05,18.091429,18.402857,18.080357,18.306786,16.188339,328344800
2014-02-06,18.216429,18.339287,18.136070,18.303928,16.282698,257765200
2014-02-07,18.620714,18.676071,18.477858,18.559999,16.510490,370280400
2014-02-10,18.523571,18.999643,18.500000,18.892500,16.806276,345559200
2014-02-11,18.950357,19.205357,18.910713,19.141430,17.027719,282256800
2014-02-12,19.176786,19.270000,19.044287,19.139999,17.026445,308100800
2014-02-13,19.094999,19.458929,19.078571,19.443930,17.296814,307398000
2014-02-14,19.373928,19.499287,19.328930,19.428213,17.282837,272924400
2014-02-18,19.500000,19.685356,19.486071,19.499643,17.346378,260251600
2014-02-19,19.455357,19.531786,19.083929,19.191786,17.072517,313768000
2014-02-20,19.035357,19.178572,18.892857,18.969643,16.874903,305858000
2014-02-21,19.028214,19.091785,18.735714,18.758928,16.687458,278784800
2014-02-24,18.683929,18.925714,18.657858,18.841070,16.760527,288909600
2014-02-25,18.906429,18.913214,18.607143,18.645000,16.586107,231952000
2014-02-26,18.700357,18.750000,18.414286,18.476786,16.436468,276217200
2014-02-27,18.469286,18.885000,18.430357,18.845358,16.764341,301882000
2014-02-28,18.895714,19.026787,18.647142,18.794287,16.718914,371968800
2014-03-03,18.693571,18.951786,18.671785,18.848572,16.767206,238781200
2014-03-04,18.964287,19.022858,18.848928,18.972857,16.877754,259140000
2014-03-05,18.961430,19.098213,18.897499,19.012857,16.913343,200062800
2014-03-06,19.028214,19.087143,18.860714,18.955357,16.862194,185488800
2014-03-07,18.967501,18.999287,18.787500,18.944286,16.852348,220729600
2014-03-10,18.870001,19.047501,18.869286,18.961430,16.867588,178584000
2014-03-11,19.123215,19.240713,19.021070,19.146070,17.031843,279224400
2014-03-12,19.089643,19.191071,19.000000,19.164642,17.048367,199326400
2014-03-13,19.194286,19.273571,18.898571,18.951786,16.859026,257742800
2014-03-14,18.885357,18.960358,18.678572,18.738930,16.669666,237199200
2014-03-17,18.846430,18.927500,18.780357,18.812143,16.734798,199544800
2014-03-18,18.782143,18.998928,18.757143,18.978571,16.882845,209647200
2014-03-19,19.009287,19.151428,18.892857,18.973572,16.878397,224756000
2014-03-20,18.924643,19.023930,18.833929,18.882143,16.797060,208398400
2014-03-21,18.997499,19.062500,18.797501,19.031071,16.929546,374046400
2014-03-24,19.229286,19.303572,19.109285,19.256786,17.130335,355700800
2014-03-25,19.339287,19.491072,19.271070,19.463928,17.314608,282293200
2014-03-26,19.518572,19.607143,19.245001,19.277857,17.149078,299768000
2014-03-27,19.286428,19.339287,19.111429,19.195000,17.075373,222031600
2014-03-28,19.225714,19.247856,19.080357,19.173571,17.056316,200564000
2014-03-31,19.258215,19.314644,19.140356,19.169287,17.052498,168669200
2014-04-01,19.205713,19.352501,19.170357,19.344643,17.208488,200760000
2014-04-02,19.370714,19.410000,19.295000,19.376785,17.237085,180420800
2014-04-03,19.335358,19.375000,19.201429,19.242500,17.117634,162344000
2014-04-04,19.278929,19.285713,18.949286,18.993570,16.896189,275251200
2014-04-07,18.857857,18.960714,18.638929,18.695356,16.630903,289850400
2014-04-08,18.756786,18.790001,18.525000,18.694286,16.629950,243888400
2014-04-09,18.665714,18.946072,18.643572,18.940001,16.848532,206169600
2014-04-10,18.952856,19.008572,18.684643,18.695715,16.631226,239652000
2014-04-11,18.535713,18.672501,18.469286,18.557501,16.508270,271717600
2014-04-14,18.639286,18.648571,18.471786,18.631430,16.574036,205674000
2014-04-15,18.581072,18.629999,18.261786,18.498571,16.455849,266490000
2014-04-16,18.501785,18.610357,18.362143,18.536072,16.489210,214765600
2014-04-17,18.571428,18.848572,18.542856,18.747856,16.677607,284334400
2014-04-21,18.762142,19.004999,18.712856,18.970358,16.875532,182548800
2014-04-22,18.868214,18.993929,18.803572,18.989286,16.892378,202563200
2014-04-23,18.895000,18.968929,18.730356,18.741072,16.671570,394940000
2014-04-24,20.293215,20.357143,20.026072,20.277500,18.038342,759911600
2014-04-25,20.161785,20.428213,20.141430,20.426430,18.170822,390275200
2014-04-28,20.457144,21.276787,20.448214,21.217501,18.874537,669485600
2014-04-29,21.205000,21.285000,21.053928,21.154642,18.818621,337377600
2014-04-30,21.165714,21.408215,21.064285,21.074642,18.747456,456640800
2014-05-01,21.142857,21.242857,20.941429,21.124287,18.791616,244048000
2014-05-02,21.155001,21.221430,21.061071,21.163570,18.826563,191514400
2014-05-05,21.076429,21.464287,21.071428,21.462856,19.092802,287067200
2014-05-06,21.492857,21.586071,21.228930,21.228930,18.884703,374564400
2014-05-07,21.258928,21.331785,20.990356,21.154642,18.818621,282864400
2014-05-08,21.008928,21.228930,20.942858,20.999643,18.785074,230297200
2014-05-09,20.876429,20.937500,20.726070,20.912144,18.706804,291597600
2014-05-12,20.981787,21.202143,20.978571,21.172501,18.939705,213208800
2014-05-13,21.142857,21.233570,21.096430,21.205713,18.969410,159737200
2014-05-14,21.158215,21.335714,21.133572,21.209642,18.972933,166404000
2014-05-15,21.239286,21.307142,21.001429,21.029285,18.811590,230846000
2014-05-16,21.022499,21.340357,20.907143,21.339643,19.089220,276256400
2014-05-19,21.351786,21.690357,21.333214,21.592501,19.315407,317755200
2014-05-20,21.589643,21.657143,21.454643,21.596786,19.319244,234836000
2014-05-21,21.565357,21.667856,21.502144,21.653929,19.370361,196859600
2014-05-22,21.664286,21.780357,21.575001,21.688213,19.401026,200760000
2014-05-23,21.687500,21.954643,21.659643,21.933214,19.620199,232209600
2014-05-27,21.995714,22.352142,21.986786,22.343929,19.987598,348866000
2014-05-28,22.357857,22.493929,22.277857,22.286072,19.935843,315481600
2014-05-29,22.423214,22.745358,22.420357,22.692142,20.299089,376474000
2014-05-30,22.785000,23.006071,22.460714,22.607143,20.223051,564020800
2014-06-02,22.641430,22.672501,22.232143,22.451786,20.084080,369350800
2014-06-03,22.445000,22.812143,22.437500,22.769285,20.368092,292709200
2014-06-04,22.765715,23.138929,22.718214,23.029285,20.600679,335482000
2014-06-05,23.078571,23.191786,22.950357,23.119642,20.681505,303805600
2014-06-06,23.210714,23.259287,23.016787,23.056070,20.624636,349938400
2014-06-09,23.174999,23.469999,22.937500,23.424999,20.954660,301660000
2014-06-10,23.682501,23.762501,23.392500,23.562500,21.077663,251108000
2014-06-11,23.532499,23.690001,23.367500,23.465000,20.990440,182724000
2014-06-12,23.510000,23.530001,22.975000,23.072500,20.639336,218996000
2014-06-13,23.049999,23.110001,22.719999,22.820000,20.413462,218100000
2014-06-16,22.877501,23.187500,22.862499,23.049999,20.619204,142244000
2014-06-17,23.077499,23.174999,22.950001,23.020000,20.592367,118904000
2014-06-18,23.067499,23.072500,22.837500,23.045000,20.614731,134056000
2014-06-19,23.072500,23.075001,22.834999,22.965000,20.543167,142112000
2014-06-20,22.962500,23.137501,22.725000,22.727501,20.330717,403592000
2014-06-23,22.830000,22.905001,22.650000,22.707500,20.312826,174776000
2014-06-24,22.687500,22.934999,22.547501,22.570000,20.189825,156144000
2014-06-25,22.552500,22.674999,22.412500,22.590000,20.207720,147476000
2014-06-26,22.592501,22.762501,22.450001,22.725000,20.328480,130516000
2014-06-27,22.705000,23.000000,22.692499,22.995001,20.570013,256116000
2014-06-30,23.025000,23.432501,23.022499,23.232500,20.782461,197929200
2014-07-01,23.379999,23.517500,23.282499,23.379999,20.914406,152892000
2014-07-02,23.467501,23.514999,23.272499,23.370001,20.905464,113860000
2014-07-03,23.417500,23.525000,23.299999,23.507500,21.028458,91567200
2014-07-07,23.535000,23.997499,23.525000,23.992500,21.462315,225872000
2014-07-08,24.067499,24.200001,23.480000,23.837500,21.323656,260888000
2014-07-09,23.860001,23.987499,23.690001,23.847500,21.332603,145744000
2014-07-10,23.440001,23.887501,23.379999,23.760000,21.254332,158744000
2014-07-11,23.840000,23.972500,23.715000,23.805000,21.294586,136072000
2014-07-14,23.965000,24.222500,23.912500,24.112499,21.569653,171240000
2014-07-15,24.200001,24.212500,23.757500,23.830000,21.316952,181911600
2014-07-16,24.242500,24.275000,23.684999,23.695000,21.196186,213585200
2014-07-17,23.757500,23.820000,23.142500,23.272499,20.818243,229192000
2014-07-18,23.405001,23.684999,23.254999,23.607500,21.117912,199952000
2014-07-21,23.747499,23.750000,23.430000,23.485001,21.008333,156316000
2014-07-22,23.670000,23.722500,23.530001,23.680000,21.182772,220788000
2014-07-23,23.855000,24.469999,23.792500,24.297501,21.735151,371672000
2014-07-24,24.260000,24.330000,24.105000,24.257500,21.699369,182916000
2014-07-25,24.212500,24.459999,24.160000,24.417500,21.842491,173876000
2014-07-28,24.455000,24.809999,24.387501,24.754999,22.144398,221272000
2014-07-29,24.832500,24.860001,24.562500,24.594999,22.001276,172572000
2014-07-30,24.610001,24.674999,24.417500,24.537500,21.949837,132040000
2014-07-31,24.290001,24.362499,23.832500,23.900000,21.379566,227372000
2014-08-01,23.725000,24.155001,23.702499,24.032499,21.498095,194044000
2014-08-04,24.092501,24.145000,23.792500,23.897499,21.377333,159832000
2014-08-05,23.840000,23.920000,23.590000,23.780001,21.272221,223732000
2014-08-06,23.687500,23.870001,23.677500,23.740000,21.236443,154232000
2014-08-07,23.732500,23.987499,23.525000,23.620001,21.234194,186844000
2014-08-08,23.565001,23.705000,23.320000,23.684999,21.292629,167460000
2014-08-11,23.817499,24.020000,23.709999,23.997499,21.573563,146340000
2014-08-12,24.010000,24.219999,23.902500,23.992500,21.569067,135180000
2014-08-13,24.037500,24.309999,24.010000,24.309999,21.854498,127664000
2014-08-14,24.332500,24.392500,24.200001,24.375000,21.912933,112464000
2014-08-15,24.475000,24.547501,24.215000,24.495001,22.020811,195804000
2014-08-18,24.622499,24.842501,24.495001,24.790001,22.286013,190288000
2014-08-19,24.852501,25.170000,24.830000,25.132500,22.593920,277596000
2014-08-20,25.110001,25.272499,24.987499,25.142500,22.602911,210796000
2014-08-21,25.142500,25.235001,25.027500,25.145000,22.605148,133912000
2014-08-22,25.072500,25.367500,25.047501,25.330000,22.771471,176736000
2014-08-25,25.447500,25.542500,25.320000,25.385000,22.820913,161080000
2014-08-26,25.355000,25.375000,25.215000,25.222500,22.674831,132608000
2014-08-27,25.254999,25.642500,25.174999,25.532499,22.953518,209476000
2014-08-28,25.397499,25.695000,25.389999,25.562500,22.980488,273840000
2014-08-29,25.715000,25.725000,25.549999,25.625000,23.036673,178380000
2014-09-02,25.764999,25.934999,25.680000,25.825001,23.216473,214256000
2014-09-03,25.775000,25.799999,24.645000,24.735001,22.236568,501684000
2014-09-04,24.712500,25.022499,24.447500,24.530001,22.052275,342872000
2014-09-05,24.700001,24.847500,24.577499,24.742500,22.243309,233828000
2014-09-08,24.825001,24.827499,24.512501,24.590000,22.106216,185426800
2014-09-09,24.770000,25.770000,24.035000,24.497499,22.023060,759385200
2014-09-10,24.502501,25.277500,24.440001,25.250000,22.699554,403478400
2014-09-11,25.102501,25.360001,24.905001,25.357500,22.796194,249412400
2014-09-12,25.302500,25.547501,25.270000,25.415001,22.847887,250504400
2014-09-15,25.702499,25.762501,25.360001,25.407499,22.841135,245266000
2014-09-16,24.950001,25.315001,24.722500,25.215000,22.668083,267632400
2014-09-17,25.317499,25.450001,25.147499,25.395000,22.829906,243706000
2014-09-18,25.482500,25.587500,25.389999,25.447500,22.877100,149197600
2014-09-19,25.572500,25.587500,25.125000,25.240000,22.690556,283609600
2014-09-22,25.450001,25.535000,25.145000,25.264999,22.713028,211153600
2014-09-23,25.150000,25.735001,25.135000,25.660000,23.068138,253608800
2014-09-24,25.540001,25.712500,25.299999,25.437500,22.868111,240687200
2014-09-25,25.127501,25.177500,24.430000,24.467501,21.996090,400368000
2014-09-26,24.632500,25.187500,24.600000,25.187500,22.643368,249482000
2014-09-29,24.662500,25.110001,24.657499,25.027500,22.499523,199065200
2014-09-30,25.202499,25.385000,25.132500,25.187500,22.643368,221056400
2014-10-01,25.147499,25.172501,24.674999,24.795000,22.290510,205965200
2014-10-02,24.817499,25.055000,24.510000,24.975000,22.452328,191031200
2014-10-03,24.860001,25.052500,24.760000,24.905001,22.389399,173878400
2014-10-06,24.987499,25.162500,24.855000,24.905001,22.389399,148204800
2014-10-07,24.857500,25.030001,24.682501,24.687500,22.193869,168376800
2014-10-08,24.690001,25.277500,24.577499,25.200001,22.654606,229618800
2014-10-09,25.385000,25.594999,25.152500,25.254999,22.704048,309506000
2014-10-10,25.172501,25.507500,25.075001,25.182501,22.638870,265326400
2014-10-13,25.332500,25.445000,24.952499,24.952499,22.432098,214333600
2014-10-14,25.097500,25.129999,24.642500,24.687500,22.193869,254754400
2014-10-15,24.492500,24.787500,23.795000,24.385000,21.921925,403734400
2014-10-16,23.887501,24.430000,23.852501,24.065001,21.634245,288618000
2014-10-17,24.375000,24.750000,24.202499,24.417500,21.951141,272718800
2014-10-20,24.580000,24.990000,24.555000,24.940001,22.420866,310069200
2014-10-21,25.754999,25.754999,25.317499,25.617500,23.029930,378495600
2014-10-22,25.709999,26.027500,25.650000,25.747499,23.146799,273052400
2014-10-23,26.020000,26.262501,25.907499,26.207500,23.560339,284298800
2014-10-24,26.295000,26.372499,26.132500,26.305000,23.647989,188215600
2014-10-27,26.212500,26.370001,26.174999,26.277500,23.623268,136750800
2014-10-28,26.350000,26.684999,26.337500,26.684999,23.989603,192243600
2014-10-29,26.662500,26.842501,26.590000,26.834999,24.124454,210751600
2014-10-30,26.740000,26.837500,26.475000,26.745001,24.043549,162619200
2014-10-31,27.002501,27.010000,26.802500,27.000000,24.272785,178557200
2014-11-03,27.055000,27.575001,27.002501,27.350000,24.587435,209130400
2014-11-04,27.340000,27.372499,26.930000,27.150000,24.407635,166297600
2014-11-05,27.275000,27.325001,27.032499,27.215000,24.466066,149743600
2014-11-06,27.150000,27.197500,26.950001,27.174999,24.536041,139874000
2014-11-07,27.187500,27.330000,27.137501,27.252501,24.606022,134766000
2014-11-10,27.254999,27.332500,27.167500,27.207500,24.565386,108782000
2014-11-11,27.174999,27.437500,27.100000,27.424999,24.761768,109769200
2014-11-12,27.344999,27.857500,27.342501,27.812500,25.111633,187769600
2014-11-13,27.950001,28.362499,27.900000,28.205000,25.466021,238091600
2014-11-14,28.287500,28.547501,27.802500,28.545000,25.772999,176254400
2014-11-17,28.567499,29.320000,28.325001,28.497499,25.730114,186986800
2014-11-18,28.485001,28.922501,28.472500,28.867500,26.064184,176896000
2014-11-19,28.860001,28.934999,28.450001,28.667500,25.883606,167476800
2014-11-20,28.727501,29.215000,28.712500,29.077499,26.253788,173582000
2014-11-21,29.377501,29.392500,29.007500,29.117500,26.289906,228717200
2014-11-24,29.212500,29.692499,29.155001,29.657499,26.777470,189803200
2014-11-25,29.767500,29.937500,29.362499,29.400000,26.544977,275361600
2014-11-26,29.485001,29.775000,29.457500,29.750000,26.860985,163073200
2014-11-28,29.817499,29.850000,29.512501,29.732500,26.845186,99257600
2014-12-01,29.702499,29.812500,27.817499,28.767500,25.973904,335256000
2014-12-02,28.375000,28.937500,28.187500,28.657499,25.874577,237395600
2014-12-03,28.937500,29.087500,28.777500,28.982500,26.168018,172253600
2014-12-04,28.942499,29.299999,28.822500,28.872499,26.068695,168178000
2014-12-05,28.997499,29.020000,28.660000,28.750000,25.958094,153275600
2014-12-08,28.525000,28.662500,27.905001,28.100000,25.371220,230659600
2014-12-09,27.547501,28.575001,27.337500,28.530001,25.759464,240832000
2014-12-10,28.602501,28.712500,27.885000,27.987499,25.269646,178261200
2014-12-11,28.065001,28.450001,27.834999,27.905001,25.195152,165606800
2014-12-12,27.615000,27.967501,27.395000,27.432501,24.768541,224112400
2014-12-15,27.674999,27.900000,26.587500,27.057501,24.429960,268872400
2014-12-16,26.592501,27.540001,26.565001,26.687500,24.095884,243162800
2014-12-17,26.780001,27.459999,26.705000,27.352501,24.696308,213647200
2014-12-18,27.967501,28.162500,27.665001,28.162500,25.427650,236024800
2014-12-19,28.065001,28.309999,27.915001,27.945000,25.231268,353719200
2014-12-22,28.040001,28.372499,27.992500,28.235001,25.493111,180670000
2014-12-23,28.307501,28.332500,28.115000,28.135000,25.402821,104113600
2014-12-24,28.145000,28.177500,28.002501,28.002501,25.283188,57918400
2014-12-26,28.025000,28.629999,28.002501,28.497499,25.730114,134884000
2014-12-29,28.447500,28.692499,28.424999,28.477501,25.712057,110395600
2014-12-30,28.410000,28.480000,28.027500,28.129999,25.398306,119526000
2014-12-31,28.205000,28.282499,27.552500,27.594999,24.915253,165613600
2015-01-02,27.847500,27.860001,26.837500,27.332500,24.678253,212818400
2015-01-05,27.072500,27.162500,26.352501,26.562500,23.983019,257142000
2015-01-06,26.635000,26.857500,26.157499,26.565001,23.985283,263188400
2015-01-07,26.799999,27.049999,26.674999,26.937500,24.321609,160423600
2015-01-08,27.307501,28.037500,27.174999,27.972500,25.256098,237458000
2015-01-09,28.167500,28.312500,27.552500,28.002501,25.283188,214798000
2015-01-12,28.150000,28.157499,27.200001,27.312500,24.660189,198603200
2015-01-13,27.857500,28.200001,27.227501,27.555000,24.879143,268367600
2015-01-14,27.260000,27.622499,27.125000,27.450001,24.784340,195826400
2015-01-15,27.500000,27.514999,26.665001,26.705000,24.111685,240056000
2015-01-16,26.757500,26.895000,26.299999,26.497499,23.924343,314053200
2015-01-20,26.959999,27.242500,26.625000,27.180000,24.540560,199599600
2015-01-21,27.237499,27.764999,27.067499,27.387501,24.727903,194303600
2015-01-22,27.565001,28.117500,27.430000,28.100000,25.371220,215185600
2015-01-23,28.075001,28.437500,27.882500,28.245001,25.502138,185859200
2015-01-26,28.434999,28.590000,28.200001,28.275000,25.529226,222460000
2015-01-27,28.105000,28.120001,27.257500,27.285000,24.635366,382274800
2015-01-28,29.407499,29.530001,28.827499,28.827499,26.028072,585908400
2015-01-29,29.080000,29.797501,28.889999,29.725000,26.838417,337745600
2015-01-30,29.600000,30.000000,29.212500,29.290001,26.445658,334982000
2015-02-02,29.512501,29.792500,29.020000,29.657499,26.777470,250956400
2015-02-03,29.625000,29.772499,29.402500,29.662500,26.781984,207662800
2015-02-04,29.625000,30.127501,29.577499,29.889999,26.987391,280598800
2015-02-05,30.004999,30.057501,29.812500,29.985001,27.180016,168984800
2015-02-06,30.004999,30.062500,29.612499,29.732500,26.951132,174826400
2015-02-09,29.637501,29.959999,29.607500,29.930000,27.130156,155559200
2015-02-10,30.042500,30.537500,30.040001,30.504999,27.651369,248034000
2015-02-11,30.692499,31.230000,30.625000,31.219999,28.299486,294247200
2015-02-12,31.514999,31.870001,31.392500,31.615000,28.657534,297898000
2015-02-13,31.820000,31.820000,31.412500,31.770000,28.798033,217088800
2015-02-17,31.872499,32.220001,31.730000,31.957500,28.967993,252609600
2015-02-18,31.907499,32.195000,31.862499,32.180000,29.169678,179566800
2015-02-19,32.119999,32.257500,32.082500,32.112499,29.108492,149449600
2015-02-20,32.154999,32.375000,32.012501,32.375000,29.346437,195793600
2015-02-23,32.505001,33.250000,32.415001,33.250000,30.139587,283896400
2015-02-24,33.235001,33.400002,32.792500,33.042500,29.951498,276912400
2015-02-25,32.889999,32.900002,32.037498,32.197498,29.185541,298846800
2015-02-26,32.197498,32.717499,31.652500,32.605000,29.554924,365150000
2015-02-27,32.500000,32.642502,32.060001,32.115002,29.110762,248059200
2015-03-02,32.312500,32.570000,32.075001,32.272499,29.253527,192386800
2015-03-03,32.240002,32.380001,32.022499,32.340000,29.314713,151265200
2015-03-04,32.275002,32.389999,32.080002,32.134998,29.128883,126665200
2015-03-05,32.145000,32.187500,31.440001,31.602501,28.646208,226068400
2015-03-06,32.099998,32.342499,31.565001,31.650000,28.689259,291368400
2015-03-09,31.990000,32.392502,31.264999,31.785000,28.811628,354114000
2015-03-10,31.602501,31.805000,30.950001,31.127501,28.215637,275426400
2015-03-11,31.187500,31.192499,30.527500,30.559999,27.701220,275756000
2015-03-12,30.577499,31.225000,30.407499,31.112499,28.202042,193450800
2015-03-13,31.100000,31.350000,30.645000,30.897499,28.007154,207309200
2015-03-16,30.969999,31.237499,30.717501,31.237499,28.315344,143497200
2015-03-17,31.475000,31.830000,31.412500,31.760000,28.788973,204092400
2015-03-18,31.750000,32.290001,31.592501,32.117500,29.113024,261083600
2015-03-19,32.187500,32.312500,31.850000,31.875000,28.893209,183238000
2015-03-20,32.062500,32.099998,31.290001,31.475000,28.530628,274780400
2015-03-23,31.780001,31.962500,31.629999,31.802500,28.827492,150838800
2015-03-24,31.807501,32.009998,31.639999,31.672501,28.709660,131369200
2015-03-25,31.635000,31.705000,30.844999,30.844999,27.959560,206620800
2015-03-26,30.690001,31.219999,30.650000,31.059999,28.154451,190291600
2015-03-27,31.142500,31.174999,30.727501,30.812500,27.930103,158184800
2015-03-30,31.012501,31.600000,31.000000,31.592501,28.637138,188398800
2015-03-31,31.522499,31.622499,31.090000,31.107500,28.197508,168362400
2015-04-01,31.205000,31.280001,30.775000,31.062500,28.156719,162485600
2015-04-02,31.257500,31.389999,31.047501,31.330000,28.399197,128880400
2015-04-06,31.117500,31.877501,31.082500,31.837500,28.859219,148776000
2015-04-07,31.910000,32.029999,31.495001,31.502501,28.555553,140049200
2015-04-08,31.462500,31.600000,31.242500,31.400000,28.462643,149316800
2015-04-09,31.462500,31.645000,31.165001,31.639999,28.680189,129936000
2015-04-10,31.487499,31.802500,31.315001,31.775000,28.802567,160752000
2015-04-13,32.092499,32.142502,31.652500,31.712500,28.745907,145460400
2015-04-14,31.750000,31.822500,31.477501,31.575001,28.621279,102098400
2015-04-15,31.602501,31.782499,31.502501,31.695000,28.730049,115881600
2015-04-16,31.570000,31.775000,31.527500,31.542500,28.591814,113476000
2015-04-17,31.387501,31.535000,31.115000,31.187500,28.270023,207828000
2015-04-20,31.392500,32.029999,31.292500,31.900000,28.915867,188217200
2015-04-21,32.025002,32.049999,31.667500,31.727501,28.759508,129740400
2015-04-22,31.747499,32.217499,31.580000,32.154999,29.147018,150618000
2015-04-23,32.075001,32.605000,32.035000,32.417500,29.384964,183083600
2015-04-24,32.622501,32.657501,32.307499,32.570000,29.523195,178103600
2015-04-27,33.077499,33.282501,32.787498,33.162498,30.060265,387816800
2015-04-28,33.615002,33.634998,32.392502,32.639999,29.586645,475696000
2015-04-29,32.540001,32.897499,32.075001,32.160000,29.151554,253544400
2015-04-30,32.160000,32.160000,31.145000,31.287500,28.360672,332781600
2015-05-01,31.525000,32.532501,31.325001,32.237499,29.221802,234050400
2015-05-04,32.375000,32.642502,32.064999,32.174999,29.165146,203953200
2015-05-05,32.037498,32.112499,31.445000,31.450001,28.507965,197085600
2015-05-06,31.639999,31.687500,30.840000,31.252501,28.328949,288564000
2015-05-07,31.192499,31.520000,31.004999,31.315001,28.504166,175763600
2015-05-08,31.670000,31.905001,31.527500,31.905001,29.041206,222201600
2015-05-11,31.847500,31.889999,31.407499,31.580000,28.745377,168143200
2015-05-12,31.400000,31.719999,31.205000,31.467501,28.642975,192640000
2015-05-13,31.537500,31.797501,31.467501,31.502501,28.674829,138776800
2015-05-14,31.852501,32.237499,31.790001,32.237499,29.343864,180814000
2015-05-15,32.267502,32.372501,32.052502,32.192501,29.302904,152832000
2015-05-18,32.095001,32.680000,32.090000,32.547501,29.626036,203531600
2015-05-19,32.672501,32.720001,32.410000,32.517502,29.598730,178532800
2015-05-20,32.500000,32.744999,32.334999,32.514999,29.596449,145819600
2015-05-21,32.517502,32.907501,32.457500,32.847500,29.899105,158921600
2015-05-22,32.900002,33.242500,32.849998,33.134998,30.160801,182384000
2015-05-26,33.150002,33.227501,32.279999,32.404999,29.496328,282790400
2015-05-27,32.584999,33.064999,32.512501,33.009998,30.047026,183332800
2015-05-28,32.965000,32.987499,32.775002,32.945000,29.987860,122933200
2015-05-29,32.807499,32.862499,32.474998,32.570000,29.646515,203538000
2015-06-01,32.570000,32.847500,32.512501,32.634998,29.705679,128451200
2015-06-02,32.465000,32.665001,32.330002,32.490002,29.573694,134670400
2015-06-03,32.665001,32.735001,32.474998,32.529999,29.610111,123934000
2015-06-04,32.395000,32.645000,32.227501,32.340000,29.437162,153800400
2015-06-05,32.375000,32.422501,32.090000,32.162498,29.275591,142507200
2015-06-08,32.224998,32.302502,31.707500,31.950001,29.082169,210699200
2015-06-09,31.674999,32.020000,31.405001,31.855000,28.995693,224301600
2015-06-10,31.980000,32.334999,31.962500,32.220001,29.327932,156349200
2015-06-11,32.294998,32.544998,32.119999,32.147499,29.261940,141563600
2015-06-12,32.047501,32.082500,31.777500,31.792500,28.938805,147544800
2015-06-15,31.525000,31.809999,31.427500,31.730000,28.881918,175955600
2015-06-16,31.757500,31.962500,31.592501,31.900000,29.036652,125976400
2015-06-17,31.930000,31.969999,31.684999,31.825001,28.968393,131672400
2015-06-18,31.807501,32.077499,31.805000,31.969999,29.100372,141628800
2015-06-19,31.927500,31.955000,31.600000,31.650000,28.809095,218867600
2015-06-22,31.872499,32.014999,31.770000,31.902500,29.038931,136157200
2015-06-23,31.870001,31.902500,31.719999,31.757500,28.906946,121075600
2015-06-24,31.802500,32.450001,31.780001,32.027500,29.152714,221123600
2015-06-25,32.215000,32.299999,31.875000,31.875000,29.013901,127752400
2015-06-26,31.917500,31.997499,31.627501,31.687500,28.843229,176267200
2015-06-29,31.365000,31.617500,31.120001,31.132500,28.338047,196645600
2015-06-30,31.392500,31.530001,31.215000,31.357500,28.542854,177482800
2015-07-01,31.725000,31.735001,31.497499,31.650000,28.809095,120955200
2015-07-02,31.607500,31.672501,31.442499,31.610001,28.772688,108844000
2015-07-06,31.235001,31.557501,31.212500,31.500000,28.672558,112241600
2015-07-07,31.472500,31.537500,30.942499,31.422501,28.602013,187787200
2015-07-08,31.120001,31.160000,30.635000,30.642500,27.892021,243046400
2015-07-09,30.962500,31.014999,29.805000,30.017500,27.323126,314380000
2015-07-10,30.485001,30.962500,30.302500,30.820000,28.053596,245418000
2015-07-13,31.257500,31.440001,31.080000,31.415001,28.595186,165762000
2015-07-14,31.510000,31.592501,31.260000,31.402500,28.583815,127072400
2015-07-15,31.430000,31.787500,31.395000,31.705000,28.859163,134596800
2015-07-16,31.934999,32.142502,31.837500,32.127499,29.243736,144889600
2015-07-17,32.270000,32.404999,32.077499,32.404999,29.496328,184658800
2015-07-20,32.742500,33.242500,32.674999,33.017502,30.053850,235600800
2015-07-21,33.212502,33.230000,32.580002,32.687500,29.753471,307025600
2015-07-22,30.497499,31.375000,30.497499,31.305000,28.495058,461802400
2015-07-23,31.549999,31.772499,31.264999,31.290001,28.481413,203998000
2015-07-24,31.330000,31.434999,30.975000,31.125000,28.331221,168649200
2015-07-27,30.772499,30.902500,30.530001,30.692499,27.937540,177822000
2015-07-28,30.844999,30.977501,30.637501,30.844999,28.076351,134472400
2015-07-29,30.787500,30.875000,30.567499,30.747499,27.987608,148046800
2015-07-30,30.580000,30.642500,30.427500,30.592501,27.846514,134513200
2015-07-31,30.650000,30.660000,30.227501,30.325001,27.603029,171540000
2015-08-03,30.375000,30.642500,29.379999,29.610001,26.952204,279904000
2015-08-04,29.355000,29.424999,28.312500,28.660000,26.087481,496554400
2015-08-05,28.237499,29.360001,28.025000,28.850000,26.260422,397250400
2015-08-06,28.992500,29.125000,28.530001,28.782499,26.317570,211612000
2015-08-07,28.645000,29.062500,28.625000,28.879999,26.406721,154681600
2015-08-10,29.132500,29.997499,29.132500,29.930000,27.366800,219806400
2015-08-11,29.452499,29.545000,28.332500,28.372499,25.942684,388331200
2015-08-12,28.132500,28.855000,27.407499,28.809999,26.342714,404870000
2015-08-13,29.010000,29.100000,28.635000,28.787500,26.322145,194143200
2015-08-14,28.580000,29.077499,28.502501,28.990000,26.507305,171718000
2015-08-17,29.010000,29.412500,28.875000,29.290001,26.781607,163538800
2015-08-18,29.107500,29.360001,29.002501,29.125000,26.630743,138242800
2015-08-19,29.025000,29.129999,28.670000,28.752501,26.290138,193146000
2015-08-20,28.520000,28.587500,27.907499,28.162500,25.750669,274006400
2015-08-21,27.607500,27.975000,26.412500,26.440001,24.175680,513102000
2015-08-24,23.717501,27.200001,23.000000,25.780001,23.572205,648825200
2015-08-25,27.777500,27.777500,25.875000,25.934999,23.713928,414406400
2015-08-26,26.772499,27.472500,26.262501,27.422501,25.074041,387098400
2015-08-27,28.057501,28.309999,27.504999,28.230000,25.812389,338464400
2015-08-28,28.042500,28.327499,27.885000,28.322500,25.896965,212657600
2015-08-31,28.007500,28.632500,28.000000,28.190001,25.775818,224917200
2015-09-01,27.537500,27.969999,26.840000,26.930000,24.623726,307383600
2015-09-02,27.557501,28.084999,27.282499,28.084999,25.679804,247555200
2015-09-03,28.122499,28.195000,27.510000,27.592501,25.229486,212935600
2015-09-04,27.242500,27.612499,27.127501,27.317499,24.978025,199985200
2015-09-08,27.937500,28.139999,27.580000,28.077499,25.672943,219374400
2015-09-09,28.440001,28.504999,27.442499,27.537500,25.179195,340043200
2015-09-10,27.567499,28.320000,27.475000,28.142500,25.732376,251571200
2015-09-11,27.947500,28.552500,27.940001,28.552500,26.107271,199662000
2015-09-14,29.145000,29.222500,28.715000,28.827499,26.358715,233453600
2015-09-15,28.982500,29.132500,28.605000,29.070000,26.580450,173364800
2015-09-16,29.062500,29.135000,28.860001,29.102501,26.610165,148694000
2015-09-17,28.915001,29.122499,28.430000,28.480000,26.040981,256450400
2015-09-18,28.052500,28.575001,27.967501,28.362499,25.933537,297141200
2015-09-21,28.417500,28.842501,28.415001,28.802500,26.335863,200888000
2015-09-22,28.344999,28.545000,28.129999,28.350000,25.922113,201384800
2015-09-23,28.407499,28.680000,28.325001,28.580000,26.132412,143026800
2015-09-24,28.312500,28.875000,28.092501,28.750000,26.287855,200878000
2015-09-25,29.110001,29.172501,28.504999,28.677500,26.221563,224607600
2015-09-28,28.462500,28.642500,28.110001,28.110001,25.702665,208436000
2015-09-29,28.207500,28.377501,26.965000,27.264999,24.930029,293461600
2015-09-30,27.542500,27.885000,27.182501,27.575001,25.213480,265892000
2015-10-01,27.267500,27.405001,26.827499,27.395000,25.048899,255716400
2015-10-02,27.002501,27.752501,26.887501,27.594999,25.231768,232079200
2015-10-05,27.469999,27.842501,27.267500,27.695000,25.323202,208258800
2015-10-06,27.657499,27.934999,27.442499,27.827499,25.444359,192787200
2015-10-07,27.934999,27.942499,27.352501,27.695000,25.323202,187062400
2015-10-08,27.547501,27.547501,27.052500,27.375000,25.030607,247918400
2015-10-09,27.500000,28.070000,27.372499,28.030001,25.629509,211064400
2015-10-12,28.182501,28.187500,27.860001,27.900000,25.510647,121868800
2015-10-13,27.705000,28.112499,27.670000,27.947500,25.554077,132197200
2015-10-14,27.822500,27.879999,27.389999,27.552500,25.192905,177849600
2015-10-15,27.732500,28.025000,27.622499,27.965000,25.570076,150694000
2015-10-16,27.945000,28.000000,27.632500,27.760000,25.382641,156930400
2015-10-19,27.700001,27.937500,27.527500,27.932501,25.540363,119036800
2015-10-20,27.834999,28.542500,27.705000,28.442499,26.006693,195871200
2015-10-21,28.500000,28.895000,28.424999,28.440001,26.004402,167180800
2015-10-22,28.582500,28.875000,28.525000,28.875000,26.402149,166616400
2015-10-23,29.174999,29.807501,29.082500,29.770000,27.220501,237467600
2015-10-26,29.520000,29.532499,28.730000,28.820000,26.351856,265335200
2015-10-27,28.850000,29.135000,28.497499,28.637501,26.184992,279537600
2015-10-28,29.232500,29.825001,29.014999,29.817499,27.263929,342205600
2015-10-29,29.674999,30.172501,29.567499,30.132500,27.551960,204909200
2015-10-30,30.247499,30.305000,29.862499,29.875000,27.316511,197461200
2015-11-02,30.200001,30.340000,29.902500,30.295000,27.700542,128813200
2015-11-03,30.197500,30.872499,30.174999,30.642500,28.018278,182076000
2015-11-04,30.782499,30.955000,30.405001,30.500000,27.887983,179544400
2015-11-05,30.462500,30.672501,30.045000,30.230000,27.759422,158210800
2015-11-06,30.277500,30.452499,30.155001,30.264999,27.791567,132169200
2015-11-09,30.240000,30.452499,30.012501,30.142500,27.679075,135485600
2015-11-10,29.225000,29.517500,29.014999,29.192499,26.806717,236511600
2015-11-11,29.092501,29.355000,28.802500,29.027500,26.655203,180872000
2015-11-12,29.065001,29.205000,28.912500,28.930000,26.565668,130102400
2015-11-13,28.799999,28.892500,28.067499,28.084999,25.789730,183249600
2015-11-16,27.844999,28.559999,27.750000,28.545000,26.212137,152426800
2015-11-17,28.730000,28.762501,28.330000,28.422501,26.099646,110467600
2015-11-18,28.940001,29.372499,28.875000,29.322500,26.926092,186698800
2015-11-19,29.410000,29.937500,29.190001,29.695000,27.268147,173183200
2015-11-20,29.799999,29.980000,29.712500,29.825001,27.387524,137148400
2015-11-23,29.817499,29.932501,29.334999,29.437500,27.031698,129930000
2015-11-24,29.332500,29.837500,29.280001,29.719999,27.291103,171212800
2015-11-25,29.802500,29.807501,29.480000,29.507500,27.095970,85553200
2015-11-27,29.572500,29.602501,29.400000,29.452499,27.045462,52185600
2015-11-30,29.497499,29.852501,29.437500,29.575001,27.157955,156721200
2015-12-01,29.687500,29.702499,29.215000,29.334999,26.937567,139409600
2015-12-02,29.334999,29.527500,29.020000,29.070000,26.694225,133546400
2015-12-03,29.137501,29.197500,28.555000,28.799999,26.446293,166278000
2015-12-04,28.822500,29.812500,28.777500,29.757500,27.325541,231108000
2015-12-07,29.745001,29.965000,29.452499,29.570000,27.153368,128336800
2015-12-08,29.379999,29.650000,29.215000,29.557501,27.141890,137238000
2015-12-09,29.410000,29.422501,28.770000,28.905001,26.542715,185445600
2015-12-10,29.010000,29.235001,28.877501,29.042500,26.668976,116850800
2015-12-11,28.797501,28.847500,28.212500,28.295000,25.982565,187544800
2015-12-14,28.045000,28.170000,27.447500,28.120001,25.821869,257274800
2015-12-15,27.985001,28.200001,27.587500,27.622499,25.365023,213292400
2015-12-16,27.767500,27.997499,27.200001,27.834999,25.560160,224954000
2015-12-17,28.004999,28.062500,27.245001,27.245001,25.018373,179091200
2015-12-18,27.227501,27.379999,26.452499,26.507500,24.341152,385813200
2015-12-21,26.820000,26.842501,26.392500,26.832500,24.639595,190362400
2015-12-22,26.850000,26.930000,26.612499,26.807501,24.616629,131157600
2015-12-23,26.817499,27.212500,26.799999,27.152500,24.933434,130629600
2015-12-24,27.250000,27.250000,26.987499,27.007500,24.800283,54281600
2015-12-28,26.897499,26.922501,26.545000,26.705000,24.522507,106816800
2015-12-29,26.740000,27.357500,26.715000,27.184999,24.963276,123724800
2015-12-30,27.145000,27.174999,26.795000,26.830000,24.637297,100855200
2015-12-31,26.752501,26.757500,26.205000,26.315001,24.164379,163649200
2016-01-04,25.652500,26.342501,25.500000,26.337500,24.185041,270597600
2016-01-05,26.437500,26.462500,25.602501,25.677500,23.578981,223164000
2016-01-06,25.139999,25.592501,24.967501,25.174999,23.117548,273829600
2016-01-07,24.670000,25.032499,24.107500,24.112499,22.141884,324377600
2016-01-08,24.637501,24.777500,24.190001,24.240000,22.258961,283192000
2016-01-11,24.742500,24.764999,24.334999,24.632500,22.619383,198957600
2016-01-12,25.137501,25.172501,24.709999,24.990000,22.947668,196616800
2016-01-13,25.080000,25.297501,24.325001,24.347500,22.357681,249758400
2016-01-14,24.490000,25.120001,23.934999,24.879999,22.846663,252680400
2016-01-15,24.049999,24.427500,23.840000,24.282499,22.297993,319335600
2016-01-19,24.602501,24.662500,23.875000,24.165001,22.190094,212350800
2016-01-20,23.775000,24.547501,23.355000,24.197500,22.219938,289337600
2016-01-21,24.264999,24.469999,23.735001,24.075001,22.107452,208646000
2016-01-22,24.657499,25.365000,24.592501,25.355000,23.282839,263202000
2016-01-25,25.379999,25.382500,24.802500,24.860001,22.828291,207178000
2016-01-26,24.982500,25.219999,24.517500,24.997499,22.954552,300308000
2016-01-27,24.010000,24.157499,23.334999,23.355000,21.446291,533478800
2016-01-28,23.447500,23.629999,23.097500,23.522499,21.600105,222715200
2016-01-29,23.697500,24.334999,23.587500,24.334999,22.346203,257666000
2016-02-01,24.117500,24.177500,23.850000,24.107500,22.137293,163774000
2016-02-02,23.855000,24.010000,23.570000,23.620001,21.689636,149428800
2016-02-03,23.750000,24.209999,23.520000,24.087500,22.118929,183857200
2016-02-04,23.965000,24.332500,23.797501,24.150000,22.296652,185886800
2016-02-05,24.129999,24.230000,23.422501,23.504999,21.701155,185672400
2016-02-08,23.282499,23.924999,23.260000,23.752501,21.929657,216085600
2016-02-09,23.572500,23.985001,23.482500,23.747499,21.925043,177324800
2016-02-10,23.980000,24.087500,23.525000,23.567499,21.758850,169374400
2016-02-11,23.447500,23.680000,23.147499,23.424999,21.627289,200298800
2016-02-12,23.547501,23.625000,23.252501,23.497499,21.694227,161405600
2016-02-16,23.754999,24.212500,23.652500,24.160000,22.305878,196231600
2016-02-17,24.167500,24.552500,24.037500,24.530001,22.647486,179452800
2016-02-18,24.709999,24.722500,24.022499,24.065001,22.218176,156084000
2016-02-19,24.000000,24.190001,23.950001,24.010000,22.167397,141496800
2016-02-22,24.077499,24.225000,23.980000,24.219999,22.361277,137123200
2016-02-23,24.100000,24.125000,23.637501,23.672501,21.855799,127770400
2016-02-24,23.495001,24.094999,23.330000,24.025000,22.181244,145022800
2016-02-25,24.012501,24.190001,23.812500,24.190001,22.333586,110330800
2016-02-26,24.299999,24.504999,24.145000,24.227501,22.368206,115964400
2016-02-29,24.215000,24.557501,24.162500,24.172501,22.317430,140865200
2016-03-01,24.412500,25.192499,24.355000,25.132500,23.203754,201628400
2016-03-02,25.127501,25.222500,24.910000,25.187500,23.254534,132678400
2016-03-03,25.145000,25.427500,25.112499,25.375000,23.427641,147822800
2016-03-04,25.592501,25.937500,25.342501,25.752501,23.776173,184220400
2016-03-07,25.597500,25.707500,25.240000,25.467501,23.513044,143315600
2016-03-08,25.195000,25.440001,25.100000,25.257500,23.319164,126247600
2016-03-09,25.327499,25.395000,25.067499,25.280001,23.339935,108806800
2016-03-10,25.352501,25.559999,25.037500,25.292500,23.351477,134054400
2016-03-11,25.559999,25.570000,25.375000,25.565001,23.603064,109632800
2016-03-14,25.477501,25.727501,25.445000,25.629999,23.663069,100304400
2016-03-15,25.990000,26.295000,25.962500,26.145000,24.138552,160270800
2016-03-16,26.152500,26.577499,26.147499,26.492500,24.459379,153214000
2016-03-17,26.379999,26.617500,26.240000,26.450001,24.420143,137682800
2016-03-18,26.584999,26.625000,26.297501,26.480000,24.447844,176820800
2016-03-21,26.482500,26.912500,26.285000,26.477501,24.445530,142010800
2016-03-22,26.312500,26.822500,26.302500,26.680000,24.632492,129777600
2016-03-23,26.620001,26.767500,26.475000,26.532499,24.496309,102814000
2016-03-24,26.367500,26.562500,26.222500,26.417500,24.390141,104532000
2016-03-28,26.500000,26.547501,26.264999,26.297501,24.279345,77645600
2016-03-29,26.222500,26.947500,26.219999,26.920000,24.854073,124760400
2016-03-30,27.162500,27.605000,27.150000,27.389999,25.288002,182404400
2016-03-31,27.430000,27.475000,27.219999,27.247499,25.156443,103553600
2016-04-01,27.195000,27.500000,27.049999,27.497499,25.387253,103496000
2016-04-04,27.605000,28.047501,27.567499,27.780001,25.648073,149424800
2016-04-05,27.377501,27.682501,27.355000,27.452499,25.345711,106314800
2016-04-06,27.557501,27.745001,27.299999,27.740000,25.611141,105616400
2016-04-07,27.487499,27.605000,27.030001,27.135000,25.052572,127207600
2016-04-08,27.227501,27.442499,27.042500,27.165001,25.080275,94326800
2016-04-11,27.242500,27.652500,27.207500,27.254999,25.163364,117630000
2016-04-12,27.334999,27.625000,27.165001,27.610001,25.491127,108929200
2016-04-13,27.700001,28.084999,27.700001,28.010000,25.860426,133029200
2016-04-14,27.905001,28.097500,27.832500,28.025000,25.874277,101895600
2016-04-15,28.027500,28.075001,27.432501,27.462500,25.354942,187756000
2016-04-18,27.222500,27.237499,26.735001,26.870001,24.807917,243286000
2016-04-19,26.969999,27.000000,26.557501,26.727501,24.676348,129539600
2016-04-20,26.660000,27.022499,26.514999,26.782499,24.727127,122444000
2016-04-21,26.732500,26.732500,26.379999,26.492500,24.459379,126210000
2016-04-22,26.252501,26.620001,26.155001,26.420000,24.392445,134732400
2016-04-25,26.250000,26.412500,26.127501,26.270000,24.253965,112126400
2016-04-26,25.977501,26.325001,25.977501,26.087500,24.085466,224064800
2016-04-27,24.000000,24.677500,23.920000,24.455000,22.578247,458408400
2016-04-28,24.402500,24.469999,23.562500,23.707500,21.888105,328970800
2016-04-29,23.497499,23.680000,23.127501,23.434999,21.636522,274126000
2016-05-02,23.492500,23.520000,23.100000,23.410000,21.613447,192640400
2016-05-03,23.549999,23.934999,23.420000,23.795000,21.968897,227325200
2016-05-04,23.799999,23.975000,23.455000,23.547501,21.740385,164102000
2016-05-05,23.500000,23.517500,23.170000,23.309999,21.652145,143562000
2016-05-06,23.342501,23.362499,22.962500,23.180000,21.531395,174799600
2016-05-09,23.250000,23.442499,23.147499,23.197500,21.547649,131745600
2016-05-10,23.332500,23.392500,23.027500,23.355000,21.693947,134747200
2016-05-11,23.370001,23.392500,23.115000,23.127501,21.482624,114876400
2016-05-12,23.180000,23.195000,22.367500,22.584999,20.978712,305258800
2016-05-13,22.500000,22.917500,22.500000,22.629999,21.020508,177571200
2016-05-16,23.097500,23.597500,22.912500,23.469999,21.800764,245039200
2016-05-17,23.637501,23.674999,23.252501,23.372499,21.710203,187667600
2016-05-18,23.540001,23.802500,23.472500,23.639999,21.958677,168249600
2016-05-19,23.660000,23.660000,23.392500,23.549999,21.875076,121768400
2016-05-20,23.660000,23.857500,23.629999,23.805000,22.111940,128104000
2016-05-23,23.967501,24.297501,23.917500,24.107500,22.392925,152074400
2016-05-24,24.305000,24.522499,24.209999,24.475000,22.734291,140560800
2016-05-25,24.667500,24.934999,24.527500,24.905001,23.133707,152675200
2016-05-26,24.920000,25.182501,24.660000,25.102501,23.317163,225324800
2016-05-27,24.860001,25.117500,24.812500,25.087500,23.303228,145364800
2016-05-31,24.900000,25.100000,24.705000,24.965000,23.189440,169228800
2016-06-01,24.754999,24.885000,24.582500,24.615000,22.864336,116693200
2016-06-02,24.400000,24.459999,24.157499,24.430000,22.692495,160766400
2016-06-03,24.447500,24.567499,24.362499,24.480000,22.738939,114019600
2016-06-06,24.497499,25.472500,24.387501,24.657499,22.903812,93170000
2016-06-07,24.812500,24.967501,24.740000,24.757500,22.996700,89638000
2016-06-08,24.754999,24.889999,24.670000,24.735001,22.975796,83392400
2016-06-09,24.625000,24.997499,24.615000,24.912500,23.140675,106405600
2016-06-10,24.632500,24.837500,24.620001,24.707500,22.950251,126851600
2016-06-13,24.672501,24.780001,24.275000,24.334999,22.604248,152082000
2016-06-14,24.330000,24.620001,24.187500,24.365000,22.632113,127727600
2016-06-15,24.455000,24.602501,24.257500,24.285000,22.557808,117780800
2016-06-16,24.112499,24.437500,24.017500,24.387501,22.653017,125307200
2016-06-17,24.155001,24.162500,23.825001,23.832500,22.137486,244032800
2016-06-20,24.000000,24.142500,23.757500,23.775000,22.084072,137647600
2016-06-21,23.735001,24.087500,23.670000,23.977501,22.272175,142185600
2016-06-22,24.062500,24.222500,23.837500,23.887501,22.188580,116876400
2016-06-23,23.985001,24.072500,23.812500,24.025000,22.316296,128960800
2016-06-24,23.227501,23.665001,23.162500,23.350000,21.689304,301245600
2016-06-27,23.250000,23.262501,22.875000,23.010000,21.373480,181958400
2016-06-28,23.225000,23.415001,23.035000,23.397499,21.733429,161779600
2016-06-29,23.492500,23.637501,23.407499,23.600000,21.921518,146124000
2016-06-30,23.610001,23.942499,23.575001,23.900000,22.200186,143345600
2016-07-01,23.872499,24.117500,23.832500,23.972500,22.267530,104106000
2016-07-05,23.847500,23.850000,23.615000,23.747499,22.058527,110820800
2016-07-06,23.650000,23.915001,23.592501,23.882500,22.183929,123796400
2016-07-07,23.924999,24.125000,23.905001,23.985001,22.279139,100558400
2016-07-08,24.122499,24.222500,24.012501,24.170000,22.450991,115648400
2016-07-11,24.187500,24.412500,24.182501,24.245001,22.520649,95179600
2016-07-12,24.292500,24.424999,24.280001,24.355000,22.622826,96670000
2016-07-13,24.352501,24.417500,24.209999,24.217501,22.495100,103568800
2016-07-14,24.347500,24.747499,24.330000,24.697500,22.940973,155676000
2016-07-15,24.730000,24.825001,24.625000,24.695000,22.938643,120548000
2016-07-18,24.674999,25.032499,24.650000,24.957500,23.182478,145975600
2016-07-19,24.889999,25.000000,24.834999,24.967501,23.191767,95119600
2016-07-20,25.000000,25.115000,24.934999,24.990000,23.212662,105104000
2016-07-21,24.957500,25.250000,24.782499,24.857500,23.089586,130808000
2016-07-22,24.815001,24.825001,24.577499,24.665001,22.910780,113254800
2016-07-25,24.562500,24.709999,24.230000,24.334999,22.604248,161531600
2016-07-26,24.205000,24.492500,24.105000,24.167500,22.448660,224959200
2016-07-27,26.067499,26.087500,25.687500,25.737499,23.906998,369379200
2016-07-28,25.707500,26.112499,25.705000,26.084999,24.229780,159479200
2016-07-29,26.047501,26.137501,25.920000,26.052500,24.199594,110934800
2016-08-01,26.102501,26.537500,26.102501,26.512501,24.626883,152671600
2016-08-02,26.512501,26.517500,26.000000,26.120001,24.262299,135266400
2016-08-03,26.202499,26.459999,26.192499,26.447500,24.566500,120810400
2016-08-04,26.395000,26.500000,26.320000,26.467501,24.718266,109634800
2016-08-05,26.567499,26.912500,26.545000,26.870001,25.094164,162213600
2016-08-08,26.879999,27.092501,26.790001,27.092501,25.301956,112148800
2016-08-09,27.057501,27.235001,27.002501,27.202499,25.404690,105260800
2016-08-10,27.177500,27.225000,26.940001,27.000000,25.215569,96034000
2016-08-11,27.129999,27.232500,26.962500,26.982500,25.199226,109938000
2016-08-12,26.945000,27.110001,26.945000,27.045000,25.257597,74641600
2016-08-15,27.035000,27.385000,27.020000,27.370001,25.561117,103472800
2016-08-16,27.407499,27.557501,27.302500,27.344999,25.537771,135177600
2016-08-17,27.275000,27.342501,27.084999,27.305000,25.500412,101424000
2016-08-18,27.307501,27.400000,27.254999,27.270000,25.467724,87938800
2016-08-19,27.192499,27.422501,27.090000,27.340000,25.533094,101472400
2016-08-22,27.215000,27.275000,26.962500,27.127501,25.334641,103280800
2016-08-23,27.147499,27.330000,27.132500,27.212500,25.414026,85030800
2016-08-24,27.142500,27.187500,26.920000,27.007500,25.222574,94700400
2016-08-25,26.847500,26.969999,26.670000,26.892500,25.115175,100344800
2016-08-26,26.852501,26.987499,26.577499,26.735001,24.968086,111065200
2016-08-29,26.655001,26.860001,26.572500,26.705000,24.940063,99881200
2016-08-30,26.450001,26.625000,26.375000,26.500000,24.748615,99455600
2016-08-31,26.415001,26.642500,26.410000,26.525000,24.771965,118649600
2016-09-01,26.535000,26.700001,26.405001,26.682501,24.919056,106806000
2016-09-02,26.924999,27.000000,26.705000,26.932501,25.152533,107210000
2016-09-06,26.975000,27.075001,26.877501,26.924999,25.145533,107521600
2016-09-07,26.957500,27.190001,26.767500,27.090000,25.299625,169457200
2016-09-08,26.812500,26.817499,26.309999,26.379999,24.636545,212008000
2016-09-09,26.160000,26.430000,25.782499,25.782499,24.078539,186228000
2016-09-12,25.662500,26.430000,25.632500,26.360001,24.617870,181171200
2016-09-13,26.877501,27.197500,26.809999,26.987499,25.203899,248704800
2016-09-14,27.182501,28.257500,27.150000,27.942499,26.095779,443554800
2016-09-15,28.465000,28.932501,28.372499,28.892500,26.982992,359934400
2016-09-16,28.780001,29.032499,28.510000,28.730000,26.831236,319547600
2016-09-19,28.797501,29.045000,28.312500,28.395000,26.518372,188092000
2016-09-20,28.262501,28.530001,28.127501,28.392500,26.516035,138057200
2016-09-21,28.462500,28.497499,28.110001,28.387501,26.511372,144012800
2016-09-22,28.587500,28.735001,28.500000,28.655001,26.761194,124296000
2016-09-23,28.605000,28.697500,27.887501,28.177500,26.315247,209924800
2016-09-26,27.910000,28.347500,27.887501,28.219999,26.354939,119477600
2016-09-27,28.250000,28.295000,28.084999,28.272499,26.403971,98429600
2016-09-28,28.422501,28.660000,28.357500,28.487499,26.604753,118564400
2016-09-29,28.290001,28.450001,27.950001,28.045000,26.191507,143548000
2016-09-30,28.115000,28.342501,27.950001,28.262501,26.394632,145516400
2016-10-03,28.177500,28.262501,28.070000,28.129999,26.270885,86807200
2016-10-04,28.264999,28.577499,28.157499,28.250000,26.382957,118947200
2016-10-05,28.350000,28.415001,28.172501,28.262501,26.394632,85812400
2016-10-06,28.424999,28.584999,28.282499,28.472500,26.590750,115117200
2016-10-07,28.577499,28.639999,28.377501,28.514999,26.630442,97433600
2016-10-10,28.754999,29.187500,28.680000,29.012501,27.095066,144944000
2016-10-11,29.424999,29.672501,29.049999,29.075001,27.153435,256164000
2016-10-12,29.337500,29.495001,29.187500,29.334999,27.396246,150347200
2016-10-13,29.197500,29.360001,28.930000,29.245001,27.312197,140769600
2016-10-14,29.469999,29.542500,29.282499,29.407499,27.463955,142608800
2016-10-17,29.332500,29.459999,29.195000,29.387501,27.445282,94499600
2016-10-18,29.545000,29.552500,29.362499,29.367500,27.426601,98214000
2016-10-19,29.312500,29.440001,28.450001,29.280001,27.344887,80138400
2016-10-20,29.215000,29.344999,29.082500,29.264999,27.330879,96503200
2016-10-21,29.202499,29.227501,29.070000,29.150000,27.223478,92770800
2016-10-24,29.275000,29.434999,29.250000,29.412500,27.468626,94154800
2016-10-25,29.487499,29.590000,29.327499,29.562500,27.608713,192516000
2016-10-26,28.577499,28.924999,28.327499,28.897499,26.987663,264536800
2016-10-27,28.847500,28.965000,28.525000,28.620001,26.728510,138248000
2016-10-28,28.467501,28.802500,28.362499,28.430000,26.551060,151446800
2016-10-31,28.412500,28.557501,28.299999,28.385000,26.509035,105677600
2016-11-01,28.365000,28.442499,27.632500,27.872499,26.030405,175303200
2016-11-02,27.850000,28.087500,27.807501,27.897499,26.053751,113326800
2016-11-03,27.745001,27.865000,27.387501,27.457500,25.774492,107730400
2016-11-04,27.132500,27.562500,27.027500,27.209999,25.542158,123348000
2016-11-07,27.520000,27.627501,27.365000,27.602501,25.910601,130240000
2016-11-08,27.577499,27.930000,27.424999,27.764999,26.063147,97016800
2016-11-09,27.469999,27.830000,27.012501,27.719999,26.020901,236705600
2016-11-10,27.772499,27.772499,26.457500,26.947500,25.295750,228538000
2016-11-11,26.780001,27.217501,26.637501,27.107500,25.445942,136575600
2016-11-14,26.927500,26.952499,26.020000,26.427500,24.807625,204702000
2016-11-15,26.642500,26.920000,26.540001,26.777500,25.136168,129058000
2016-11-16,26.674999,27.557501,26.650000,27.497499,25.812031,235362000
2016-11-17,27.452499,27.587500,27.207500,27.487499,25.802649,110528000
2016-11-18,27.430000,27.635000,27.415001,27.514999,25.828465,113715600
2016-11-21,27.530001,27.997499,27.502501,27.932501,26.220377,117058400
2016-11-22,27.987499,28.105000,27.850000,27.950001,26.236805,103862000
2016-11-23,27.840000,27.877501,27.582500,27.807501,26.103031,109705600
2016-11-25,27.782499,27.967501,27.737499,27.947500,26.234455,45903600
2016-11-28,27.857500,28.117500,27.847500,27.892500,26.182829,108776000
2016-11-29,27.695000,28.007500,27.517500,27.865000,26.157005,114115200
2016-11-30,27.900000,28.049999,27.567499,27.629999,25.936411,144649200
2016-12-01,27.592501,27.735001,27.257500,27.372499,25.694696,148347600
2016-12-02,27.292500,27.522499,27.212500,27.475000,25.790916,106112000
2016-12-05,27.500000,27.507500,27.062500,27.277500,25.605522,137298000
2016-12-06,27.375000,27.590000,27.297501,27.487499,25.802649,104782000
2016-12-07,27.315001,27.797501,27.290001,27.757500,26.056099,119994800
2016-12-08,27.715000,28.107500,27.650000,28.030001,26.311899,108273200
2016-12-09,28.077499,28.674999,28.077499,28.487499,26.741352,137610400
2016-12-12,28.322500,28.750000,28.122499,28.325001,26.588818,105497600
2016-12-13,28.459999,28.980000,28.437500,28.797501,27.032356,174935200
2016-12-14,28.760000,29.049999,28.745001,28.797501,27.032356,136127200
2016-12-15,28.844999,29.182501,28.807501,28.955000,27.180202,186098000
2016-12-16,29.117500,29.125000,28.912500,28.992500,27.215403,177404400
2016-12-19,28.950001,29.344999,28.937500,29.160000,27.372637,111117600
2016-12-20,29.184999,29.375000,29.170000,29.237499,27.445383,85700000
2016-12-21,29.200001,29.350000,29.195000,29.264999,27.471199,95132800
2016-12-22,29.087500,29.127501,28.910000,29.072500,27.290503,104343600
2016-12-23,28.897499,29.129999,28.897499,29.129999,27.344477,56998000
2016-12-27,29.129999,29.450001,29.122499,29.315001,27.518137,73187600
2016-12-28,29.379999,29.504999,29.049999,29.190001,27.400795,83623600
2016-12-29,29.112499,29.277500,29.100000,29.182501,27.393759,60158000
2016-12-30,29.162500,29.299999,28.857500,28.955000,27.180202,122345200
2017-01-03,28.950001,29.082500,28.690001,29.037500,27.257648,115127600
2017-01-04,28.962500,29.127501,28.937500,29.004999,27.227135,84472400
2017-01-05,28.980000,29.215000,28.952499,29.152500,27.365597,88774400
2017-01-06,29.195000,29.540001,29.117500,29.477501,27.670670,127007600
2017-01-09,29.487499,29.857500,29.485001,29.747499,27.924124,134247600
2017-01-10,29.692499,29.844999,29.575001,29.777500,27.952290,97848400
2017-01-11,29.684999,29.982500,29.650000,29.937500,28.102476,110354400
2017-01-12,29.725000,29.825001,29.552500,29.812500,27.985138,108344800
2017-01-13,29.777500,29.905001,29.702499,29.760000,27.935856,104447600
2017-01-17,29.584999,30.059999,29.555000,30.000000,28.161146,137759200
2017-01-18,30.000000,30.125000,29.927500,29.997499,28.158802,94852000
2017-01-19,29.850000,30.022499,29.842501,29.945000,28.109516,102389200
2017-01-20,30.112499,30.112499,29.932501,30.000000,28.161146,130391600
2017-01-23,30.000000,30.202499,29.942499,30.020000,28.179920,88200800
2017-01-24,29.887501,30.025000,29.875000,29.992500,28.154110,92844000
2017-01-25,30.105000,30.525000,30.070000,30.469999,28.602339,129510400
2017-01-26,30.417500,30.610001,30.400000,30.485001,28.616415,105350400
2017-01-27,30.535000,30.587500,30.400000,30.487499,28.618761,82251600
2017-01-30,30.232500,30.407499,30.165001,30.407499,28.543665,121510000
2017-01-31,30.287500,30.347500,30.155001,30.337500,28.477959,196804000
2017-02-01,31.757500,32.622501,31.752501,32.187500,30.214563,447940000
2017-02-02,31.995001,32.347500,31.945000,32.132500,30.162935,134841600
2017-02-03,32.077499,32.297501,32.040001,32.270000,30.292009,98029200
2017-02-06,32.282501,32.625000,32.224998,32.572498,30.575962,107383600
2017-02-07,32.634998,33.022499,32.612499,32.882500,30.866962,152735200
2017-02-08,32.837502,33.055000,32.805000,33.009998,30.986645,92016400
2017-02-09,32.912498,33.112499,32.779999,33.105000,31.210562,113399600
2017-02-10,33.115002,33.235001,33.012501,33.029999,31.139841,80262000
2017-02-13,33.270000,33.455002,33.187500,33.322498,31.415609,92141600
2017-02-14,33.367500,33.772499,33.312500,33.755001,31.823364,132904800
2017-02-15,33.880001,34.067501,33.654999,33.877499,31.938847,142492400
2017-02-16,33.917500,33.974998,33.709999,33.837502,31.901144,90338400
2017-02-17,33.775002,33.957500,33.775002,33.930000,31.988348,88792800
2017-02-21,34.057499,34.187500,33.994999,34.174999,32.219326,98028800
2017-02-22,34.107498,34.279999,34.027500,34.277500,32.315956,83347600
2017-02-23,34.345001,34.369999,34.075001,34.132500,32.179256,83152800
2017-02-24,33.977501,34.165001,33.820000,34.165001,32.209904,87106400
2017-02-27,34.285000,34.360001,34.070000,34.232498,32.273533,81029600
2017-02-28,34.270000,34.360001,34.174999,34.247501,32.287674,93931600
2017-03-01,34.472500,35.037498,34.400002,34.947498,32.947613,145658400
2017-03-02,35.000000,35.070000,34.689999,34.740002,32.751991,104844000
2017-03-03,34.695000,34.957500,34.647499,34.945000,32.945267,84432400
2017-03-06,34.842499,34.942501,34.650002,34.834999,32.841557,87000000
2017-03-07,34.764999,34.994999,34.697498,34.880001,32.883984,69785200
2017-03-08,34.737499,34.950001,34.705002,34.750000,32.761429,74828800
2017-03-09,34.685001,34.697498,34.262501,34.669998,32.685993,88623600
2017-03-10,34.812500,34.840000,34.660000,34.785000,32.794415,78451200
2017-03-13,34.712502,34.857498,34.705002,34.799999,32.808559,69686800
2017-03-14,34.825001,34.912498,34.709999,34.747501,32.759068,61236400
2017-03-15,34.852501,35.187500,34.757500,35.115002,33.105537,102767200
2017-03-16,35.180000,35.255001,35.064999,35.172501,33.159744,76928000
2017-03-17,35.250000,35.250000,34.972500,34.997501,32.994759,175540000
2017-03-20,35.099998,35.375000,35.057499,35.365002,33.341217,86168000
2017-03-21,35.527500,35.700001,34.932499,34.959999,32.959404,158119600
2017-03-22,34.962502,35.400002,34.939999,35.355000,33.331799,103440800
2017-03-23,35.314999,35.395000,35.152500,35.230000,33.213951,81385200
2017-03-24,35.375000,35.435001,35.087502,35.160000,33.147964,89582400
2017-03-27,34.847500,35.305000,34.654999,35.220001,33.204533,94300400
2017-03-28,35.227501,36.009998,35.154999,35.950001,33.892746,133499200
2017-03-29,35.919998,36.122501,35.797501,36.029999,33.968166,116760000
2017-03-30,36.047501,36.125000,35.875000,35.982498,33.923389,84829200
2017-03-31,35.930000,36.067501,35.752499,35.915001,33.859753,78646800
2017-04-03,35.927502,36.029999,35.762501,35.924999,33.869183,79942800
2017-04-04,35.812500,36.222500,35.792500,36.192501,34.121372,79565600
2017-04-05,36.055000,36.365002,35.952499,36.005001,33.944603,110871600
2017-04-06,36.072498,36.130001,35.862499,35.915001,33.859753,84596000
2017-04-07,35.932499,36.044998,35.817501,35.834999,33.784325,66688800
2017-04-10,35.900002,35.970001,35.724998,35.792500,33.744255,75733600
2017-04-11,35.735001,35.837502,35.014999,35.407501,33.381298,121517600
2017-04-12,35.400002,35.537498,35.252499,35.450001,33.421360,81400000
2017-04-13,35.477501,35.595001,35.262501,35.262501,33.244602,71291600
2017-04-17,35.369999,35.470001,35.217499,35.457500,33.428436,66328400
2017-04-18,35.352501,35.509998,35.277500,35.299999,33.279949,58790000
2017-04-19,35.470001,35.500000,35.112499,35.169998,33.157383,69313600
2017-04-20,35.305000,35.730000,35.290001,35.610001,33.572208,93278400
2017-04-21,35.610001,35.669998,35.462502,35.567501,33.532146,69283600
2017-04-24,35.875000,35.987499,35.794998,35.910000,33.855038,68537200
2017-04-25,35.977501,36.224998,35.967499,36.132500,34.064808,75486000
2017-04-26,36.117500,36.150002,35.845001,35.919998,33.864464,80164800
2017-04-27,35.980000,36.040001,35.827499,35.947498,33.890392,56985200
2017-04-28,36.022499,36.075001,35.817501,35.912498,33.857395,83441600
2017-05-01,36.275002,36.799999,36.240002,36.645000,34.547974,134411600
2017-05-02,36.884998,37.022499,36.709999,36.877499,34.767170,181408800
2017-05-03,36.397499,36.872501,36.067501,36.764999,34.661114,182788000
2017-05-04,36.630001,36.785000,36.452499,36.632500,34.536190,93487600
2017-05-05,36.689999,37.244999,36.689999,37.240002,35.108940,109310800
2017-05-08,37.257500,38.424999,37.257500,38.252499,36.063488,195009600
2017-05-09,38.467499,38.720001,38.362499,38.497501,36.294472,156521600
2017-05-10,38.407501,38.485001,38.027500,38.314999,36.122410,103222800
2017-05-11,38.112499,38.517502,38.077499,38.487499,36.434818,109020400
2017-05-12,38.674999,39.105000,38.667500,39.025002,36.943653,130108000
2017-05-15,39.002499,39.162498,38.762501,38.924999,36.848972,104038800
2017-05-16,38.985001,39.014999,38.680000,38.867500,36.794548,80194000
2017-05-17,38.400002,38.642502,37.427502,37.562500,35.559143,203070800
2017-05-18,37.817501,38.334999,37.782501,38.134998,36.101112,134272800
2017-05-19,38.345001,38.494999,38.157501,38.264999,36.224182,107843200
2017-05-22,38.500000,38.645000,38.227501,38.497501,36.444283,91865600
2017-05-23,38.724998,38.724998,38.327499,38.450001,36.399315,79675600
2017-05-24,38.459999,38.542500,38.167500,38.334999,36.290447,76712000
2017-05-25,38.432499,38.587502,38.257500,38.467499,36.415874,76942400
2017-05-26,38.500000,38.560001,38.327499,38.402500,36.354347,87710400
2017-05-30,38.355000,38.607498,38.332500,38.417500,36.368542,80507600
2017-05-31,38.492500,38.542500,38.095001,38.189999,36.153172,97804800
2017-06-01,38.292500,38.332500,38.055000,38.294998,36.252571,65616400
2017-06-02,38.395000,38.862499,38.222500,38.862499,36.789810,111082800
2017-06-05,38.584999,38.612499,38.365002,38.482498,36.430073,101326800
2017-06-06,38.474998,38.952499,38.445000,38.612499,36.553143,106499600
2017-06-07,38.755001,38.994999,38.619999,38.842499,36.770874,84278400
2017-06-08,38.812500,38.884998,38.599998,38.747501,36.680943,85003200
2017-06-09,38.797501,38.797501,36.505001,37.244999,35.258572,259530800
2017-06-12,36.435001,36.522499,35.627499,36.355000,34.416050,289229200
2017-06-13,36.790001,36.862499,36.287498,36.647499,34.692947,136661600
2017-06-14,36.875000,36.875000,35.959999,36.290001,34.354511,126124800
2017-06-15,35.830002,36.119999,35.552502,36.072498,34.148609,128661600
2017-06-16,35.945000,36.125000,35.549999,35.567501,33.670551,201444400
2017-06-19,35.915001,36.685001,35.915001,36.584999,34.633778,130165600
2017-06-20,36.717499,36.717499,36.235001,36.252499,34.319012,99600400
2017-06-21,36.380001,36.517502,36.152500,36.467499,34.522552,85063200
2017-06-22,36.442501,36.674999,36.279999,36.407501,34.465744,76425200
2017-06-23,36.282501,36.790001,36.277500,36.570000,34.619576,141757600
2017-06-26,36.792500,37.070000,36.345001,36.455002,34.510704,102769600
2017-06-27,36.252499,36.540001,35.904999,35.932499,34.016071,99047600
2017-06-28,36.122501,36.527500,35.790001,36.457500,34.513081,88329600
2017-06-29,36.177502,36.282501,35.570000,35.919998,34.004238,125997600
2017-06-30,36.112499,36.240002,35.945000,36.005001,34.084709,92096400
2017-07-03,36.220001,36.325001,35.775002,35.875000,33.961643,57111200
2017-07-05,35.922501,36.197498,35.680000,36.022499,34.101273,86278400
2017-07-06,35.755001,35.875000,35.602501,35.682499,33.779415,96515200
2017-07-07,35.724998,36.187500,35.724998,36.044998,34.122589,76806800
2017-07-10,36.027500,36.487499,35.842499,36.264999,34.330856,84362400
2017-07-11,36.182499,36.462502,36.095001,36.382500,34.442081,79127200
2017-07-12,36.467499,36.544998,36.205002,36.435001,34.491787,99538000
2017-07-13,36.375000,37.122501,36.360001,36.942501,34.972218,100797600
2017-07-14,36.992500,37.332500,36.832500,37.259998,35.272778,80528400
2017-07-17,37.205002,37.724998,37.142502,37.389999,35.395844,95174000
2017-07-18,37.299999,37.532501,37.167500,37.520000,35.518909,71475200
2017-07-19,37.619999,37.855000,37.487499,37.755001,35.741379,83692000
2017-07-20,37.875000,37.935001,37.547501,37.584999,35.580444,68974800
2017-07-21,37.497501,37.610001,37.220001,37.567501,35.563877,105010400
2017-07-24,37.645000,38.110001,37.474998,38.022499,35.994610,85972800
2017-07-25,37.950001,38.459999,37.950001,38.185001,36.148449,75415600
2017-07-26,38.337502,38.482498,38.264999,38.365002,36.318851,63124000
2017-07-27,38.437500,38.497501,36.825001,37.639999,35.632511,129905200
2017-07-28,37.472500,37.557499,37.297501,37.375000,35.381645,68854800
2017-07-31,37.474998,37.582500,37.032501,37.182499,35.199406,79383600
2017-08-01,37.275002,37.555000,37.102501,37.512501,35.511818,141474400
2017-08-02,39.820000,39.937500,39.040001,39.285000,37.189781,279747200
2017-08-03,39.262501,39.302502,38.755001,38.892502,36.818214,108389200
2017-08-04,39.017502,39.349998,38.922501,39.097500,37.012272,82239600
2017-08-07,39.264999,39.730000,39.167500,39.702499,37.585003,87481200
2017-08-08,39.650002,40.457500,39.567501,40.020000,37.885578,144823600
2017-08-09,39.814999,40.317501,39.777500,40.264999,38.117504,104526000
2017-08-10,39.974998,40.000000,38.657501,38.830002,36.903400,163217200
2017-08-11,39.150002,39.642502,39.017502,39.369999,37.416599,105028400
2017-08-14,39.830002,40.052502,39.687500,39.962502,37.979721,88490800
2017-08-15,40.165001,40.549999,40.035000,40.400002,38.395500,117862000
2017-08-16,40.485001,40.627499,40.037498,40.237499,38.241066,110686400
2017-08-17,40.130001,40.177502,39.459999,39.465000,37.506886,111762400
2017-08-18,39.465000,39.875000,39.180000,39.375000,37.421356,109712400
2017-08-21,39.375000,39.472500,38.777500,39.302502,37.352451,105474000
2017-08-22,39.557499,40.000000,39.505001,39.945000,37.963078,86418400
2017-08-23,39.767502,40.117500,39.720001,39.994999,38.010590,77596400
2017-08-24,40.107498,40.185001,39.637501,39.817501,37.841892,79275600
2017-08-25,39.912498,40.139999,39.817501,39.965000,37.982082,101920400
2017-08-28,40.035000,40.500000,39.982498,40.367500,38.364624,103864000
2017-08-29,40.025002,40.779999,40.000000,40.727501,38.706749,118067600
2017-08-30,40.950001,40.972500,40.652500,40.837502,38.811295,109078400
2017-08-31,40.910000,41.130001,40.869999,41.000000,38.965740,107140400
2017-09-01,41.200001,41.235001,40.907501,41.012501,38.977612,66364400
2017-09-05,40.937500,41.062500,40.139999,40.520000,38.509544,117874000
2017-09-06,40.677502,40.747501,40.130001,40.477501,38.469154,86606800
2017-09-07,40.522499,40.560001,40.090000,40.314999,38.314709,87714000
2017-09-08,40.215000,40.287498,39.632500,39.657501,37.689846,114446000
2017-09-11,40.125000,40.512501,39.972500,40.375000,38.371735,126323200
2017-09-12,40.652500,40.990002,39.692501,40.215000,38.219677,286856000
2017-09-13,39.967499,39.990002,39.477501,39.912498,37.932178,179629600
2017-09-14,39.747501,39.849998,39.522499,39.570000,37.606682,95042800
2017-09-15,39.617500,40.242500,39.500000,39.970001,37.986835,196458400
2017-09-18,40.027500,40.125000,39.500000,39.667500,37.699348,113077600
2017-09-19,39.877499,39.942501,39.610001,39.682499,37.713600,83242400
2017-09-20,39.474998,39.564999,38.457500,39.017502,37.081593,211805600
2017-09-21,38.950001,38.950001,38.187500,38.347500,36.444828,150046800
2017-09-22,37.884998,38.067501,37.639999,37.972500,36.088444,186581600
2017-09-25,37.497501,37.957500,37.290001,37.637501,35.770061,177549200
2017-09-26,37.945000,38.480000,37.922501,38.285000,36.385441,146640000
2017-09-27,38.450001,38.680000,38.384998,38.557499,36.644421,102016800
2017-09-28,38.472500,38.570000,38.174999,38.320000,36.418697,88022000
2017-09-29,38.302502,38.532501,38.000000,38.529999,36.618279,105199200
2017-10-02,38.564999,38.612499,38.180000,38.452499,36.544617,74795200
2017-10-03,38.502499,38.772499,38.477501,38.619999,36.703815,64921200
2017-10-04,38.407501,38.465000,38.115002,38.369999,36.466217,80655200
2017-10-05,38.544998,38.860001,38.512501,38.847500,36.920036,85135200
2017-10-06,38.742500,38.872501,38.639999,38.825001,36.898647,69630400
2017-10-09,38.952499,39.182499,38.872501,38.959999,37.026947,65051600
2017-10-10,39.014999,39.500000,38.775002,38.974998,37.041199,62468000
2017-10-11,38.992500,39.244999,38.937500,39.137501,37.195637,67622400
2017-10-12,39.087502,39.342499,38.932499,39.000000,37.064964,64500400
2017-10-13,39.182499,39.320000,39.102501,39.247501,37.300182,65576800
2017-10-16,39.474998,40.000000,39.412498,39.970001,37.986835,96486000
2017-10-17,39.945000,40.217499,39.807499,40.117500,38.127014,75989200
2017-10-18,40.105000,40.177502,39.900002,39.939999,37.958324,65496800
2017-10-19,39.187500,39.270000,38.755001,38.994999,37.060215,170336800
2017-10-20,39.152500,39.437500,38.990002,39.062500,37.124367,95896400
2017-10-23,39.222500,39.422501,38.875000,39.042500,37.105354,87937200
2017-10-24,39.072498,39.355000,39.049999,39.275002,37.326321,71028800
2017-10-25,39.227501,39.387501,38.817501,39.102501,37.162380,84828400
2017-10-26,39.307499,39.457500,39.195000,39.352501,37.399979,68002000
2017-10-27,39.822498,40.900002,39.674999,40.762501,38.740009,177816800
2017-10-30,40.972500,42.017502,40.930000,41.680000,39.611988,178803200
2017-10-31,41.974998,42.412498,41.735001,42.259998,40.163212,144187200
2017-11-01,42.467499,42.485001,41.402500,41.722500,39.652378,134551200
2017-11-02,41.650002,42.125000,41.320000,42.027500,39.942242,165573600
2017-11-03,43.500000,43.564999,42.779999,43.125000,40.985298,237594400
2017-11-06,43.092499,43.747501,42.930000,43.562500,41.401089,140105200
2017-11-07,43.477501,43.812500,43.400002,43.702499,41.534142,97446000
2017-11-08,43.665001,44.060001,43.582500,44.060001,41.873901,97638000
2017-11-09,43.777500,44.025002,43.285000,43.970001,41.788361,117930400
2017-11-10,43.777500,43.845001,43.567501,43.667500,41.650066,100582000
2017-11-13,43.375000,43.625000,43.349998,43.492500,41.483150,67928400
2017-11-14,43.259998,43.369999,42.794998,42.834999,40.856026,99130000
2017-11-15,42.492500,42.580002,42.095001,42.270000,40.317135,116632400
2017-11-16,42.794998,42.967499,42.575001,42.775002,40.798801,94550000
2017-11-17,42.759998,42.847500,42.410000,42.537498,40.572273,87598000
2017-11-20,42.572498,42.639999,42.389999,42.494999,40.531738,65049600
2017-11-21,42.695000,43.424999,42.695000,43.285000,41.285236,100525200
2017-11-22,43.340000,43.750000,43.262501,43.740002,41.719215,102355600
2017-11-24,43.775002,43.875000,43.662498,43.742500,41.721607,56106800
2017-11-27,43.762501,43.770000,43.334999,43.522499,41.511768,82867200
2017-11-28,43.575001,43.717499,42.965000,43.267502,41.268555,105715200
2017-11-29,43.157501,43.230000,41.790001,42.369999,40.412502,166665600
2017-11-30,42.607498,43.035000,42.110001,42.962502,40.977642,166108800
2017-12-01,42.487499,42.917500,42.125000,42.762501,40.786880,159037200
2017-12-04,43.119999,43.154999,42.407501,42.450001,40.488811,130169600
2017-12-05,42.264999,42.880001,42.099998,42.410000,40.450668,109400800
2017-12-06,41.875000,42.549999,41.615002,42.252499,40.300442,114240000
2017-12-07,42.257500,42.610001,42.227501,42.330002,40.374363,102693200
2017-12-08,42.622501,42.750000,42.205002,42.342499,40.386280,93420800
2017-12-11,42.299999,43.222500,42.197498,43.167500,41.173168,141095200
2017-12-12,43.037498,43.097500,42.865002,42.924999,40.941875,77636800
2017-12-13,43.125000,43.384998,43.000000,43.067501,41.077785,95273600
2017-12-14,43.099998,43.282501,42.912498,43.055000,41.065868,81906000
2017-12-15,43.407501,43.542500,43.115002,43.492500,41.483150,160677200
2017-12-18,43.720001,44.299999,43.715000,44.105000,42.067356,117684400
2017-12-19,43.757500,43.847500,43.522499,43.634998,41.619072,109745600
2017-12-20,43.717499,43.855000,43.312500,43.587502,41.573765,93902400
2017-12-21,43.542500,44.005001,43.525002,43.752499,41.731140,83799600
2017-12-22,43.669998,43.855000,43.625000,43.752499,41.731140,65397600
2017-12-26,42.700001,42.867500,42.419998,42.642502,40.672421,132742000
2017-12-27,42.525002,42.695000,42.427502,42.650002,40.679577,85992800
2017-12-28,42.750000,42.962502,42.619999,42.770000,40.794033,65920800
2017-12-29,42.630001,42.647499,42.305000,42.307499,40.352905,103999600
2018-01-02,42.540001,43.075001,42.314999,43.064999,41.075401,102223600
2018-01-03,43.132500,43.637501,42.990002,43.057499,41.068256,118071600
2018-01-04,43.134998,43.367500,43.020000,43.257500,41.259007,89738400
2018-01-05,43.360001,43.842499,43.262501,43.750000,41.728756,94640000
2018-01-08,43.587502,43.902500,43.482498,43.587502,41.573765,82271200
2018-01-09,43.637501,43.764999,43.352501,43.582500,41.568996,86336000
2018-01-10,43.290001,43.575001,43.250000,43.572498,41.559456,95839600
2018-01-11,43.647499,43.872501,43.622501,43.820000,41.795517,74670800
2018-01-12,44.044998,44.340000,43.912498,44.272499,42.227123,101672400
2018-01-16,44.474998,44.847500,44.035000,44.047501,42.012516,118263600
2018-01-17,44.037498,44.812500,43.767502,44.775002,42.706409,137547200
2018-01-18,44.842499,45.025002,44.562500,44.814999,42.744549,124773600
2018-01-19,44.652500,44.895000,44.352501,44.615002,42.553791,129700400
2018-01-22,44.325001,44.445000,44.150002,44.250000,42.205654,108434400
2018-01-23,44.325001,44.860001,44.205002,44.259998,42.215191,130756400
2018-01-24,44.312500,44.325001,43.299999,43.555000,41.542767,204420400
2018-01-25,43.627499,43.737499,42.632500,42.777500,40.801186,166116000
2018-01-26,43.000000,43.000000,42.514999,42.877499,40.896553,156572000
2018-01-29,42.540001,42.540001,41.767502,41.990002,40.050076,202561600
2018-01-30,41.382500,41.842499,41.174999,41.742500,39.813995,184192800
2018-01-31,41.717499,42.110001,41.625000,41.857498,39.923691,129915600
2018-02-01,41.792500,42.154999,41.689999,41.945000,40.007156,188923200
2018-02-02,41.500000,41.700001,40.025002,40.125000,38.271236,346375200
2018-02-05,39.775002,40.970001,39.000000,39.122501,37.315056,290954000
2018-02-06,38.707500,40.930000,38.500000,40.757500,38.874500,272975200
2018-02-07,40.772499,40.849998,39.767502,39.884998,38.042316,206434400
2018-02-08,40.072498,40.250000,38.757500,38.787498,36.995522,217562000
2018-02-09,39.267502,39.472500,37.560001,39.102501,37.448029,282690400
2018-02-12,39.625000,40.972500,39.377499,40.677502,38.956390,243278000
2018-02-13,40.487499,41.187500,40.412498,41.084999,39.346645,130196800
2018-02-14,40.759998,41.884998,40.720001,41.842499,40.072098,162579600
2018-02-15,42.447498,43.272499,42.250000,43.247501,41.417645,204588800
2018-02-16,43.090000,43.705002,42.942501,43.107498,41.283581,160704400
2018-02-20,43.012501,43.564999,42.855000,42.962502,41.144707,135722000
2018-02-21,43.207500,43.529999,42.752499,42.767502,40.957958,149886400
2018-02-22,42.950001,43.487499,42.927502,43.125000,41.300331,123967600
2018-02-23,43.417500,43.912498,43.384998,43.875000,42.018600,135249600
2018-02-26,44.087502,44.847500,44.052502,44.742500,42.849396,152648800
2018-02-27,44.775002,45.119999,44.540001,44.597500,42.710526,155712400
2018-02-28,44.814999,45.154999,44.512501,44.529999,42.645885,151128400
2018-03-01,44.634998,44.945000,43.165001,43.750000,41.898884,195208000
2018-03-02,43.200001,44.075001,43.112499,44.052502,42.188595,153816000
2018-03-05,43.802502,44.435001,43.630001,44.205002,42.334637,113605600
2018-03-06,44.477501,44.562500,44.032501,44.167500,42.298725,95154000
2018-03-07,43.735001,43.962502,43.567501,43.757500,41.906075,126814000
2018-03-08,43.869999,44.279999,43.767502,44.235001,42.363373,95096400
2018-03-09,44.490002,45.000000,44.347500,44.994999,43.091209,128740800
2018-03-12,45.072498,45.597500,45.052502,45.430000,43.507805,128828400
2018-03-13,45.647499,45.875000,44.810001,44.992500,43.088821,126774000
2018-03-14,45.080002,45.130001,44.452499,44.610001,42.722496,117473600
2018-03-15,44.625000,45.060001,44.517502,44.662498,42.772785,90975200
2018-03-16,44.662498,44.779999,44.404999,44.505001,42.621948,157618800
2018-03-19,44.330002,44.367500,43.415001,43.825001,41.970711,133787200
2018-03-20,43.810001,44.200001,43.735001,43.810001,41.956345,78597600
2018-03-21,43.759998,43.772499,42.814999,42.817501,41.005840,148219600
2018-03-22,42.500000,43.169998,42.150002,42.212502,40.426437,165963200
2018-03-23,42.097500,42.480000,41.235001,41.235001,39.490299,164115200
2018-03-26,42.017502,43.275002,41.610001,43.192501,41.364983,150164800
2018-03-27,43.419998,43.787498,41.730000,42.084999,40.304344,163690400
2018-03-28,41.812500,42.505001,41.297501,41.619999,39.859016,166674000
2018-03-29,41.952499,42.937500,41.724998,41.945000,40.170261,153594000
2018-04-02,41.660000,42.235001,41.117500,41.669998,39.906895,150347200
2018-04-03,41.910000,42.187500,41.220001,42.097500,40.316315,121112000
2018-04-04,41.220001,43.002499,41.192501,42.902500,41.087246,138422000
2018-04-05,43.145000,43.557499,43.020000,43.200001,41.372158,107732800
2018-04-06,42.742500,43.119999,42.049999,42.095001,40.313919,140021200
2018-04-09,42.470001,43.272499,42.462502,42.512501,40.713745,116070800
2018-04-10,43.250000,43.500000,42.882500,43.312500,41.479900,113634400
2018-04-11,43.057499,43.480000,42.924999,43.110001,41.285973,89726400
2018-04-12,43.352501,43.750000,43.259998,43.535000,41.692989,91557200
2018-04-13,43.695000,43.959999,43.462502,43.682499,41.834251,100497200
2018-04-16,43.757500,44.047501,43.707500,43.955002,42.095222,86313600
2018-04-17,44.122501,44.735001,44.102501,44.560001,42.674622,106421600
2018-04-18,44.452499,44.705002,44.220001,44.459999,42.578850,83018000
2018-04-19,43.439999,43.847500,43.165001,43.200001,41.372158,139235200
2018-04-20,42.650002,42.805000,41.357498,41.430000,39.677055,261964400
2018-04-23,41.707500,41.730000,41.022499,41.310001,39.562141,146062000
2018-04-24,41.417500,41.582500,40.305000,40.735001,39.011463,134768000
2018-04-25,40.654999,41.355000,40.602501,40.912498,39.181442,113528400
2018-04-26,41.029999,41.432499,40.842499,41.055000,39.317921,111852000
2018-04-27,41.000000,41.082500,40.157501,40.580002,38.863022,142623200
2018-04-30,40.532501,41.814999,40.459999,41.314999,39.566914,169709600
2018-05-01,41.602501,42.299999,41.317501,42.275002,40.486301,214277600
2018-05-02,43.807499,44.437500,43.450001,44.142502,42.274796,266157600
2018-05-03,43.970001,44.375000,43.610001,44.222500,42.351395,136272800
2018-05-04,44.562500,46.062500,44.542500,45.957500,44.012993,224805200
2018-05-07,46.294998,46.917500,46.187500,46.290001,44.331425,169805600
2018-05-08,46.247501,46.555000,45.917500,46.512501,44.544510,113611200
2018-05-09,46.637501,46.849998,46.305000,46.840000,44.858150,92844800
2018-05-10,46.935001,47.592499,46.912498,47.509998,45.499802,111957200
2018-05-11,47.372501,47.514999,46.862499,47.147499,45.326756,104848800
2018-05-14,47.252499,47.382500,46.965000,47.037498,45.220993,83115200
2018-05-15,46.695000,46.767502,46.275002,46.610001,44.810017,94780800
2018-05-16,46.517502,47.115002,46.500000,47.044998,45.228207,76732400
2018-05-17,47.000000,47.227501,46.590000,46.747501,44.942200,69176000
2018-05-18,46.797501,46.952499,46.532501,46.577499,44.778767,73190800
2018-05-21,47.000000,47.317501,46.727501,46.907501,45.096027,73603200
2018-05-22,47.095001,47.220001,46.695000,46.790001,44.983059,60962800
2018-05-23,46.587502,47.125000,46.439999,47.090000,45.271473,80233600
2018-05-24,47.192501,47.209999,46.552502,47.037498,45.220993,92936000
2018-05-25,47.057499,47.412498,46.912498,47.145000,45.324345,69844000
2018-05-29,46.900002,47.187500,46.717499,46.974998,45.160915,90056400
2018-05-30,46.930000,47.000000,46.695000,46.875000,45.064774,74762000
2018-05-31,46.805000,47.057499,46.535000,46.717499,44.913353,109931200
2018-06-01,46.997501,47.564999,46.937500,47.560001,45.723324,93770000
2018-06-04,47.910000,48.355000,47.837502,47.957500,46.105473,105064800
2018-06-05,48.267502,48.485001,48.090000,48.327499,46.461182,86264000
2018-06-06,48.407501,48.520000,47.980000,48.494999,46.622211,83734400
2018-06-07,48.535000,48.549999,48.084999,48.365002,46.497231,85388800
2018-06-08,47.792500,48.000000,47.442501,47.924999,46.074223,106627200
2018-06-11,47.837502,47.992500,47.552502,47.807499,45.961266,73234000
2018-06-12,47.847500,48.152500,47.787498,48.070000,46.213634,67644400
2018-06-13,48.105000,48.220001,47.610001,47.674999,45.833874,86553600
2018-06-14,47.887501,47.892502,47.555000,47.700001,45.857918,86440400
2018-06-15,47.507500,47.540001,47.064999,47.209999,45.386833,246876800
2018-06-18,46.970001,47.305000,46.799999,47.185001,45.362804,73939600
2018-06-19,46.285000,46.582500,45.862499,46.422501,44.629757,134314000
2018-06-20,46.587502,46.799999,46.432499,46.625000,44.824432,82514800
2018-06-21,46.812500,47.087502,46.235001,46.365002,44.574471,102847600
2018-06-22,46.529999,46.537498,46.174999,46.230000,44.444687,108801600
2018-06-25,45.849998,46.230000,45.182499,45.542500,43.783733,126652400
2018-06-26,45.747501,46.632500,45.634998,46.107498,44.326908,98276800
2018-06-27,46.307499,46.820000,46.007500,46.040001,44.262028,101141200
2018-06-28,46.025002,46.552502,45.950001,46.375000,44.584080,69460800
2018-06-29,46.572498,46.797501,45.727501,46.277500,44.490356,90950800
2018-07-02,45.955002,46.825001,45.855000,46.794998,44.987865,70925200
2018-07-03,46.947498,46.987499,45.884998,45.980000,44.204334,55819200
2018-07-05,46.314999,46.602501,46.070000,46.349998,44.560047,66416800
2018-07-06,46.355000,47.107498,46.299999,46.992500,45.177734,69940800
2018-07-09,47.375000,47.669998,47.325001,47.645000,45.805042,79026400
2018-07-10,47.677502,47.820000,47.544998,47.587502,45.749767,63756400
2018-07-11,47.125000,47.445000,46.902500,46.970001,45.156105,75326000
2018-07-12,47.382500,47.852501,47.327499,47.757500,45.913193,72164400
2018-07-13,47.770000,47.959999,47.724998,47.832500,45.985298,50055600
2018-07-16,47.880001,48.162498,47.605000,47.727501,45.884365,60172400
2018-07-17,47.437500,47.967499,47.299999,47.862499,46.014145,62138000
2018-07-18,47.945000,47.950001,47.482498,47.599998,45.761768,65573600
2018-07-19,47.422501,48.137501,47.422501,47.970001,46.117489,81147200
2018-07-20,47.945000,48.107498,47.542500,47.860001,46.011738,82704800
2018-07-23,47.669998,47.990002,47.389999,47.902500,46.052601,63957600
2018-07-24,48.112499,48.415001,48.012501,48.250000,46.386669,74791600
2018-07-25,48.264999,48.712502,48.107498,48.705002,46.824108,66839600
2018-07-26,48.652500,48.990002,48.402500,48.552502,46.677494,76304000
2018-07-27,48.747501,48.797501,47.525002,47.744999,45.901173,96096000
2018-07-30,47.974998,48.049999,47.267502,47.477501,45.644005,84118000
2018-07-31,47.575001,48.035000,47.334999,47.572498,45.735340,157492000
2018-08-01,49.782501,50.439999,49.327499,50.375000,48.429615,271742800
2018-08-02,50.145000,52.095001,50.087502,51.847500,49.845249,249616000
2018-08-03,51.757500,52.185001,51.369999,51.997501,49.989452,133789600
2018-08-06,52.000000,52.312500,51.767502,52.267502,50.249031,101701600
2018-08-07,52.330002,52.375000,51.689999,51.777500,49.777943,102349600
2018-08-08,51.512501,51.952499,51.130001,51.812500,49.811600,90102000
2018-08-09,52.382500,52.445000,51.799999,52.220001,50.203369,93970400
2018-08-10,51.840000,52.275002,51.667500,51.882500,50.053829,98444800
2018-08-13,52.327499,52.737499,51.924999,52.217499,50.377014,103563600
2018-08-14,52.540001,52.639999,52.064999,52.437500,50.589268,82992000
2018-08-15,52.305000,52.685001,52.082500,52.560001,50.707447,115230400
2018-08-16,52.937500,53.452499,52.867500,53.330002,51.450302,114001600
2018-08-17,53.360001,54.487499,53.290001,54.395000,52.477772,141708000
2018-08-20,54.525002,54.794998,53.777500,53.865002,51.966450,121150800
2018-08-21,54.200001,54.297501,53.507500,53.759998,51.865158,104639200
2018-08-22,53.525002,54.090000,53.459999,53.762501,51.867569,76072400
2018-08-23,53.662498,54.262501,53.650002,53.872501,51.973690,75532800
2018-08-24,54.150002,54.224998,53.777500,54.040001,52.135277,73905600
2018-08-27,54.287498,54.685001,54.082500,54.485001,52.564598,82100400
2018-08-28,54.752499,55.134998,54.730000,54.924999,52.989090,91107200
2018-08-29,55.037498,55.872501,54.852501,55.744999,53.780182,109019200
2018-08-30,55.812500,57.064999,55.599998,56.257500,54.274628,195175200
2018-08-31,56.627499,57.217499,56.500000,56.907501,54.901718,173360400
2018-09-04,57.102501,57.294998,56.657501,57.090000,55.077782,109560400
2018-09-05,57.247501,57.417500,56.275002,56.717499,54.718407,133332000
2018-09-06,56.557499,56.837502,55.325001,55.775002,53.809132,137160000
2018-09-07,55.462502,56.342499,55.177502,55.325001,53.374989,150479200
2018-09-10,55.237499,55.462502,54.117500,54.582500,52.658661,158066000
2018-09-11,54.502499,56.075001,54.139999,55.962502,53.990025,142996000
2018-09-12,56.235001,56.250000,54.959999,55.267502,53.319519,197114800
2018-09-13,55.880001,57.087502,55.642502,56.602501,54.607460,166825600
2018-09-14,56.437500,56.709999,55.630001,55.959999,53.987602,127997200
2018-09-17,55.537498,55.737499,54.317501,54.470001,52.550133,148780400
2018-09-18,54.447498,55.462502,54.279999,54.560001,52.636951,126286800
2018-09-19,54.625000,54.904999,53.825001,54.592499,52.668312,108495200
2018-09-20,55.060001,55.570000,54.787498,55.007500,53.068676,106435200
2018-09-21,55.195000,55.340000,54.322498,54.415001,52.497063,384986800
2018-09-24,54.205002,55.314999,54.157501,55.197498,53.251984,110773600
2018-09-25,54.937500,55.705002,54.924999,55.547501,53.589649,98217600
2018-09-26,55.250000,55.937500,54.939999,55.105000,53.162743,95938800
2018-09-27,55.955002,56.610001,55.884998,56.237499,54.255325,120724800
2018-09-28,56.197498,56.459999,56.005001,56.435001,54.445869,91717600
2018-10-01,56.987499,57.355000,56.587502,56.814999,54.812477,94403200
2018-10-02,56.812500,57.500000,56.657501,57.320000,55.299671,99152800
2018-10-03,57.512501,58.367500,57.445000,58.017502,55.972588,114619200
2018-10-04,57.695000,58.087502,56.682499,56.997501,54.988544,128168000
2018-10-05,56.990002,57.102501,55.145000,56.072498,54.096138,134322000
2018-10-08,55.552502,56.200001,55.049999,55.942501,53.970726,118655600
2018-10-09,55.910000,56.817501,55.562500,56.717499,54.718407,107564000
2018-10-10,56.365002,56.587502,54.012501,54.090000,52.183517,167962400
2018-10-11,53.630001,54.875000,53.080002,53.612499,51.722843,212497600
2018-10-12,55.105000,55.720001,54.209999,55.527500,53.570358,161351600
2018-10-15,55.290001,55.457500,54.317501,54.340000,52.424702,123164000
2018-10-16,54.732498,55.747501,54.189999,55.537498,53.580002,116736000
2018-10-17,55.575001,55.660000,54.834999,55.297501,53.348454,91541600
2018-10-18,54.465000,54.935001,53.250000,54.005001,52.101513,130325200
2018-10-19,54.514999,55.314999,54.357498,54.827499,52.895027,132314800
2018-10-22,54.947498,55.840000,54.735001,55.162498,53.218208,115168400
2018-10-23,53.957500,55.812500,53.674999,55.682499,53.719891,155071200
2018-10-24,55.650002,56.057499,53.634998,53.772499,51.877209,163702000
2018-10-25,54.427502,55.345001,54.187500,54.950001,53.013210,119423200
2018-10-26,53.974998,55.047501,53.167500,54.075001,52.169052,189033600
2018-10-29,54.797501,54.922501,51.522499,53.060001,51.189819,183742000
2018-10-30,52.787498,53.794998,52.317501,53.325001,51.445480,146640000
2018-10-31,54.220001,55.112499,54.154999,54.715000,52.786491,153435600
2018-11-01,54.762501,55.590000,54.202499,55.555000,53.596886,233292800
2018-11-02,52.387501,53.412498,51.357498,51.869999,50.041763,365314800
2018-11-05,51.075001,51.097500,49.542500,50.397499,48.621170,264654800
2018-11-06,50.480000,51.180000,50.422501,50.942501,49.146957,127531600
2018-11-07,51.492500,52.514999,51.032501,52.487499,50.637497,133697600
2018-11-08,52.494999,52.529999,51.687500,52.122501,50.460827,101450400
2018-11-09,51.387501,51.502499,50.562500,51.117500,49.487858,137463200
2018-11-12,49.750000,49.962502,48.447498,48.542500,46.994953,204542000
2018-11-13,47.907501,49.294998,47.862499,48.057499,46.525410,187531600
2018-11-14,48.474998,48.619999,46.482498,46.700001,45.211193,243204000
2018-11-15,47.097500,47.992500,46.724998,47.852501,46.326954,185915200
2018-11-16,47.625000,48.742500,47.365002,48.382500,46.840061,147713200
2018-11-19,47.500000,47.674999,46.247501,46.465000,44.983688,167701200
2018-11-20,44.592499,45.367500,43.877499,44.244999,42.834457,271300800
2018-11-21,44.932499,45.067501,44.137501,44.195000,42.786045,124496800
2018-11-23,43.735001,44.150002,43.025002,43.072498,41.699329,94496000
2018-11-26,43.560001,43.737499,42.564999,43.654999,42.263268,179994000
2018-11-27,42.877499,43.692501,42.720001,43.560001,42.171299,165549600
2018-11-28,44.182499,45.322498,43.732498,45.235001,43.792896,184250000
2018-11-29,45.665001,45.700001,44.424999,44.887501,43.456478,167080000
2018-11-30,45.072498,45.082500,44.257500,44.645000,43.221710,158126000
2018-12-03,46.115002,46.235001,45.302502,46.205002,44.731976,163210000
2018-12-04,45.237499,45.597500,44.067501,44.172501,42.764271,165377200
2018-12-06,42.939999,43.695000,42.605000,43.680000,42.287476,172393600
2018-12-07,43.372501,43.622501,42.075001,42.122501,40.779625,169126400
2018-12-10,41.250000,42.522499,40.832500,42.400002,41.048286,248104000
2018-12-11,42.915001,42.947498,41.750000,42.157501,40.813515,189126800
2018-12-12,42.599998,42.980000,42.255001,42.275002,40.927265,142510800
2018-12-13,42.622501,43.142502,42.387501,42.737499,41.375019,127594400
2018-12-14,42.250000,42.270000,41.320000,41.369999,40.051109,162814800
2018-12-17,41.362499,42.087502,40.682499,40.985001,39.678383,177151600
2018-12-18,41.345001,41.882500,41.097500,41.517502,40.193909,135366000
2018-12-19,41.500000,41.862499,39.772499,40.222500,38.940197,196189200
2018-12-20,40.099998,40.527500,38.825001,39.207500,37.957558,259092000
2018-12-21,39.215000,39.540001,37.407501,37.682499,36.481167,382978400
2018-12-24,37.037498,37.887501,36.647499,36.707500,35.537251,148676800
2018-12-26,37.075001,39.307499,36.680000,39.292500,38.039845,234330000
2018-12-27,38.959999,39.192501,37.517502,39.037498,37.792973,212468400
2018-12-28,39.375000,39.630001,38.637501,39.057499,37.812332,169165600
2018-12-31,39.632500,39.840000,39.119999,39.435001,38.177803,140014000
2019-01-02,38.722500,39.712502,38.557499,39.480000,38.221367,148158800
2019-01-03,35.994999,36.430000,35.500000,35.547501,34.414238,365248800
2019-01-04,36.132500,37.137501,35.950001,37.064999,35.883362,234428400
2019-01-07,37.174999,37.207500,36.474998,36.982498,35.803497,219111200
2019-01-08,37.389999,37.955002,37.130001,37.687500,36.486012,164101200
2019-01-09,37.822498,38.632500,37.407501,38.327499,37.105606,180396400
2019-01-10,38.125000,38.492500,37.715000,38.450001,37.224197,143122800
2019-01-11,38.220001,38.424999,37.877499,38.072498,36.858734,108092800
2019-01-14,37.712502,37.817501,37.305000,37.500000,36.304489,129756800
2019-01-15,37.567501,38.347500,37.512501,38.267502,37.047523,114843600
2019-01-16,38.270000,38.970001,38.250000,38.735001,37.500118,122278800
2019-01-17,38.549999,39.415001,38.314999,38.965000,37.722782,119284800
2019-01-18,39.375000,39.470001,38.994999,39.205002,37.955135,135004000
2019-01-22,39.102501,39.182499,38.154999,38.325001,37.103188,121576000
2019-01-23,38.537498,38.785000,37.924999,38.480000,37.253242,92522400
2019-01-24,38.527500,38.619999,37.935001,38.174999,36.957973,101766000
2019-01-25,38.869999,39.532501,38.580002,39.439999,38.182636,134142000
2019-01-28,38.947498,39.082500,38.415001,39.075001,37.829277,104768400
2019-01-29,39.062500,39.532501,38.527500,38.669998,37.437191,166348800
2019-01-30,40.812500,41.537498,40.057499,41.312500,39.995438,244439200
2019-01-31,41.527500,42.250000,41.139999,41.610001,40.283466,162958400
2019-02-01,41.740002,42.244999,41.482498,41.630001,40.302822,130672400
2019-02-04,41.852501,42.915001,41.820000,42.812500,41.447624,125982000
2019-02-05,43.215000,43.770000,43.087502,43.544998,42.156769,144406400
2019-02-06,43.662498,43.892502,43.212502,43.560001,42.171299,112958400
2019-02-07,43.099998,43.485001,42.584999,42.735001,41.372597,126966800
2019-02-08,42.247501,42.665001,42.105000,42.602501,41.421215,95280000
2019-02-11,42.762501,42.802502,42.312500,42.357498,41.182999,83973600
2019-02-12,42.525002,42.750000,42.424999,42.722500,41.537884,89134000
2019-02-13,42.847500,43.119999,42.480000,42.544998,41.365299,89960800
2019-02-14,42.427502,42.814999,42.345001,42.700001,41.516010,87342800
2019-02-15,42.812500,42.924999,42.437500,42.605000,41.423641,98507200
2019-02-19,42.427502,42.860001,42.372501,42.732498,41.547607,75891200
2019-02-20,42.797501,43.330002,42.747501,43.007500,41.814976,104457600
2019-02-21,42.950001,43.092499,42.575001,42.764999,41.579197,68998800
2019-02-22,42.895000,43.250000,42.845001,43.242500,42.043465,75652800
2019-02-25,43.540001,43.967499,43.487499,43.557499,42.349728,87493600
2019-02-26,43.427502,43.825001,43.292500,43.582500,42.374031,68280800
2019-02-27,43.302502,43.750000,43.182499,43.717499,42.505291,111341600
2019-02-28,43.580002,43.727501,43.230000,43.287498,42.087219,112861600
2019-03-01,43.570000,43.787498,43.222500,43.742500,42.529602,103544800
2019-03-04,43.922501,44.437500,43.492500,43.962502,42.743500,109744800
2019-03-05,43.985001,44.000000,43.634998,43.882500,42.665722,78949600
2019-03-06,43.667500,43.872501,43.485001,43.630001,42.420223,83241600
2019-03-07,43.467499,43.610001,43.005001,43.125000,41.929226,99185600
2019-03-08,42.580002,43.267502,42.375000,43.227501,42.028885,95997600
2019-03-11,43.872501,44.779999,43.837502,44.724998,43.484852,128044000
2019-03-12,45.000000,45.667500,44.842499,45.227501,43.973427,129870400
2019-03-13,45.562500,45.825001,45.230000,45.427502,44.167877,124130000
2019-03-14,45.974998,46.025002,45.639999,45.932499,44.658871,94318000
2019-03-15,46.212502,46.832500,45.935001,46.529999,45.239807,156171600
2019-03-18,46.450001,47.097500,46.447498,47.005001,45.701645,104879200
2019-03-19,47.087502,47.247501,46.480000,46.632500,45.339466,126585600
2019-03-20,46.557499,47.372501,46.182499,47.040001,45.735664,124140800
2019-03-21,47.505001,49.082500,47.452499,48.772499,47.420124,204136800
2019-03-22,48.834999,49.422501,47.695000,47.762501,46.438129,169630800
2019-03-25,47.877499,47.994999,46.650002,47.185001,45.876648,175381200
2019-03-26,47.915001,48.220001,46.145000,46.697498,45.402668,199202000
2019-03-27,47.187500,47.439999,46.637501,47.117500,45.811020,119393600
2019-03-28,47.237499,47.389999,46.882500,47.180000,45.871784,83121600
2019-03-29,47.457500,47.520000,47.134998,47.487499,46.170753,94256000
2019-04-01,47.910000,47.919998,47.095001,47.810001,46.484318,111448000
2019-04-02,47.772499,48.615002,47.762501,48.505001,47.160046,91062800
2019-04-03,48.312500,49.125000,48.287498,48.837502,47.483330,93087200
2019-04-04,48.697498,49.092499,48.285000,48.922501,47.565968,76457200
2019-04-05,49.112499,49.275002,48.982498,49.250000,47.884384,74106400
2019-04-08,49.105000,50.057499,49.084999,50.025002,48.637890,103526800
2019-04-09,50.080002,50.712502,49.807499,49.875000,48.492050,143072800
2019-04-10,49.669998,50.185001,49.544998,50.154999,48.764294,86781200
2019-04-11,50.212502,50.250000,49.610001,49.737499,48.358372,83603200
2019-04-12,49.799999,50.035000,49.052502,49.717499,48.338921,111042800
2019-04-15,49.645000,49.962502,49.502499,49.807499,48.426434,70146400
2019-04-16,49.865002,50.342499,49.639999,49.812500,48.431290,102785600
2019-04-17,49.884998,50.845001,49.652500,50.782501,49.374390,115627200
2019-04-18,50.779999,51.037498,50.630001,50.965000,49.551830,96783200
2019-04-22,50.707500,51.235001,50.584999,51.132500,49.714687,77758000
2019-04-23,51.107498,51.937500,50.974998,51.869999,50.431736,93292000
2019-04-24,51.840000,52.119999,51.762501,51.790001,50.353966,70162400
2019-04-25,51.707500,51.939999,51.279999,51.320000,49.896992,74172800
2019-04-26,51.224998,51.250000,50.529999,51.075001,49.658787,74596400
2019-04-29,51.099998,51.492500,50.965000,51.152500,49.734135,88818800
2019-04-30,50.764999,50.849998,49.777500,50.167500,48.776447,186139600
2019-05-01,52.470001,53.827499,52.307499,52.630001,51.170670,259309200
2019-05-02,52.459999,53.162498,52.032501,52.287498,50.837666,127985200
2019-05-03,52.722500,52.959999,52.557499,52.937500,51.469627,83569600
2019-05-06,51.072498,52.209999,50.875000,52.119999,50.674805,129772400
2019-05-07,51.470001,51.855000,50.207500,50.715000,49.308762,155054800
2019-05-08,50.474998,51.334999,50.437500,50.724998,49.318485,105358000
2019-05-09,50.099998,50.419998,49.165001,50.180000,48.788601,139634400
2019-05-10,49.355000,49.712502,48.192501,49.294998,48.112717,164834800
2019-05-13,46.927502,47.369999,45.712502,46.430000,45.316418,229722400
2019-05-14,46.602501,47.424999,46.352501,47.165001,46.033791,146118800
2019-05-15,46.567501,47.937500,46.505001,47.730000,46.585251,106178800
2019-05-16,47.477501,48.117500,47.209999,47.520000,46.380280,132125600
2019-05-17,46.732498,47.724998,46.689999,47.250000,46.116756,131516400
2019-05-20,45.880001,46.087502,45.070000,45.772499,44.674686,154449200
2019-05-21,46.305000,47.000000,46.174999,46.650002,45.531151,113459200
2019-05-22,46.165001,46.427502,45.637501,45.695000,44.599052,118994400
2019-05-23,44.950001,45.134998,44.452499,44.915001,43.837761,146118800
2019-05-24,45.049999,45.535000,44.654999,44.742500,43.669403,94858800
2019-05-28,44.730000,45.147499,44.477501,44.557499,43.488834,111792800
2019-05-29,44.105000,44.837502,44.000000,44.345001,43.281429,113924800
2019-05-30,44.487499,44.807499,44.167500,44.575001,43.505913,84873600
2019-05-31,44.057499,44.497501,43.747501,43.767502,42.717777,108174400
2019-06-03,43.900002,44.480000,42.567501,43.325001,42.285900,161584400
2019-06-04,43.860001,44.957500,43.630001,44.910000,43.832878,123872000
2019-06-05,46.070000,46.247501,45.285000,45.634998,44.540485,119093600
2019-06-06,45.770000,46.367500,45.537498,46.305000,45.194427,90105200
2019-06-07,46.627499,47.980000,46.442501,47.537498,46.397362,122737600
2019-06-10,47.952499,48.842499,47.904999,48.145000,46.990288,104883600
2019-06-11,48.715000,49.000000,48.400002,48.702499,47.534416,107731600
2019-06-12,48.487499,48.992500,48.347500,48.547501,47.383141,73012800
2019-06-13,48.674999,49.197498,48.400002,48.537498,47.373375,86698400
2019-06-14,47.887501,48.397499,47.575001,48.185001,47.029331,75046000
2019-06-17,48.224998,48.740002,48.042500,48.472500,47.309944,58676400
2019-06-18,49.012501,50.072498,48.802502,49.612499,48.422588,106204000
2019-06-19,49.919998,49.970001,49.327499,49.467499,48.281067,84496800
2019-06-20,50.092499,50.152500,49.507500,49.865002,48.669037,86056000
2019-06-21,49.700001,50.212502,49.537498,49.695000,48.503117,191202400
2019-06-24,49.634998,50.040001,49.542500,49.645000,48.454315,72881600
2019-06-25,49.607498,49.814999,48.822498,48.892502,47.719868,84281200
2019-06-26,49.442501,50.247501,49.337502,49.950001,48.752003,104270000
2019-06-27,50.072498,50.392502,49.892502,49.935001,48.737362,83598800
2019-06-28,49.669998,49.875000,49.262501,49.480000,48.293274,124442400
2019-07-01,50.792500,51.122501,50.162498,50.387501,49.179008,109012000
2019-07-02,50.352501,50.782501,50.340000,50.682499,49.466934,67740800
2019-07-03,50.820000,51.110001,50.672501,51.102501,49.876858,45448000
2019-07-05,50.837502,51.270000,50.724998,51.057499,49.832932,69062000
2019-07-08,50.202499,50.349998,49.602501,50.005001,48.805687,101354400
2019-07-09,49.799999,50.377499,49.702499,50.310001,49.103363,82312000
2019-07-10,50.462502,50.932499,50.389999,50.807499,49.588928,71588400
2019-07-11,50.827499,51.097500,50.427502,50.437500,49.227806,80767200
2019-07-12,50.612499,51.000000,50.549999,50.825001,49.606018,70380800
2019-07-15,51.022499,51.467499,51.000000,51.302502,50.072067,67789600
2019-07-16,51.147499,51.527500,50.875000,51.125000,49.898819,67467200
2019-07-17,51.012501,51.272499,50.817501,50.837502,49.618217,56430000
2019-07-18,51.000000,51.470001,50.924999,51.415001,50.181862,74162400
2019-07-19,51.447498,51.625000,50.590000,50.647499,49.432766,83717200
2019-07-22,50.912498,51.807499,50.902500,51.805000,50.562508,89111600
2019-07-23,52.115002,52.227501,51.822498,52.209999,50.957790,73420800
2019-07-24,51.917500,52.287498,51.792500,52.167500,50.916309,59966400
2019-07-25,52.222500,52.310001,51.682499,51.755001,50.513714,55638400
2019-07-26,51.869999,52.432499,51.785000,51.935001,50.689392,70475600
2019-07-29,52.115002,52.660000,52.110001,52.419998,51.162754,86693600
2019-07-30,52.189999,52.540001,51.827499,52.195000,50.943153,135742800
2019-07-31,54.105000,55.342499,52.825001,53.259998,51.982616,277125600
2019-08-01,53.474998,54.507500,51.685001,52.107498,50.857750,216071600
2019-08-02,51.382500,51.607498,50.407501,51.005001,49.781696,163448400
2019-08-05,49.497501,49.662498,48.145000,48.334999,47.175732,209572000
2019-08-06,49.077499,49.517502,48.509998,49.250000,48.068790,143299200
2019-08-07,48.852501,49.889999,48.455002,49.759998,48.566555,133457600
2019-08-08,50.049999,50.882500,49.847500,50.857498,49.637733,108038000
2019-08-09,50.325001,50.689999,49.822498,50.247501,49.228703,98478800
2019-08-12,49.904999,50.512501,49.787498,50.119999,49.103786,89927600
2019-08-13,50.255001,53.035000,50.119999,52.242500,51.183247,188874000
2019-08-14,50.790001,51.610001,50.647499,50.687500,49.659779,146189600
2019-08-15,50.865002,51.285000,49.917500,50.435001,49.412395,108909600
2019-08-16,51.070000,51.790001,50.959999,51.625000,50.578274,110481600
2019-08-19,52.654999,53.182499,52.507500,52.587502,51.521252,97654400
2019-08-20,52.720001,53.337502,52.580002,52.590000,51.523701,107537200
2019-08-21,53.247501,53.412498,52.900002,53.160000,52.082146,86141600
2019-08-22,53.297501,53.610001,52.687500,53.115002,52.038055,89014800
2019-08-23,52.357498,53.012501,50.250000,50.660000,49.632839,187272000
2019-08-26,51.465000,51.797501,51.264999,51.622501,50.575825,104174400
2019-08-27,51.965000,52.137501,50.882500,51.040001,50.005131,103493200
2019-08-28,51.025002,51.430000,50.830002,51.382500,50.340679,63755200
2019-08-29,52.125000,52.330002,51.665001,52.252499,51.193043,83962000
2019-08-30,52.540001,52.612499,51.799999,52.185001,51.126915,84573600
2019-09-03,51.607498,51.744999,51.055000,51.424999,50.382328,80092000
2019-09-04,52.097500,52.369999,51.830002,52.297501,51.237133,76752400
2019-09-05,53.000000,53.492500,52.877499,53.320000,52.238903,95654800
2019-09-06,53.512501,53.605000,53.127499,53.314999,52.234001,77449200
2019-09-09,53.709999,54.110001,52.767502,53.542500,52.456894,109237600
2019-09-10,53.465000,54.195000,52.927502,54.174999,53.076565,127111600
2019-09-11,54.517502,55.927502,54.432499,55.897499,54.764141,177158400
2019-09-12,56.200001,56.605000,55.715000,55.772499,54.641674,128906800
2019-09-13,55.000000,55.197498,54.255001,54.687500,53.578678,159053200
2019-09-16,54.432499,55.032501,54.389999,54.974998,53.860344,84632400
2019-09-17,54.990002,55.205002,54.779999,55.174999,54.056286,73274800
2019-09-18,55.264999,55.712502,54.860001,55.692501,54.563301,101360000
2019-09-19,55.502499,55.939999,55.092499,55.240002,54.119984,88242400
2019-09-20,55.345001,55.639999,54.367500,54.432499,53.328846,221652400
2019-09-23,54.737499,54.959999,54.412498,54.680000,53.571335,76662000
2019-09-24,55.257500,55.622501,54.297501,54.419998,53.316597,124763200
2019-09-25,54.637501,55.375000,54.285000,55.257500,54.137115,87613600
2019-09-26,55.000000,55.235001,54.707500,54.972500,53.857899,75334000
2019-09-27,55.134998,55.240002,54.320000,54.705002,53.595821,101408000
2019-09-30,55.224998,56.145000,55.197498,55.992500,54.857216,103909600
2019-10-01,56.267502,57.055000,56.049999,56.147499,55.009071,139223200
2019-10-02,55.764999,55.895000,54.482498,54.740002,53.630116,138449200
2019-10-03,54.607498,55.240002,53.782501,55.205002,54.085686,114426000
2019-10-04,56.410000,56.872501,55.972500,56.752499,55.601807,138478800
2019-10-07,56.567501,57.482498,56.459999,56.764999,55.614052,122306000
2019-10-08,56.455002,57.014999,56.082500,56.099998,54.962532,111820000
2019-10-09,56.757500,56.947498,56.410000,56.757500,55.606709,74770400
2019-10-10,56.982498,57.610001,56.825001,57.522499,56.356194,113013600
2019-10-11,58.237499,59.410000,58.077499,59.052502,57.855167,166795600
2019-10-14,58.724998,59.532501,58.667500,58.967499,57.771904,96427600
2019-10-15,59.097500,59.412498,58.720001,58.830002,57.637184,87360000
2019-10-16,58.342499,58.810001,58.299999,58.592499,57.404499,73903200
2019-10-17,58.772499,59.037498,58.380001,58.820000,57.627388,67585200
2019-10-18,58.647499,59.395000,58.572498,59.102501,57.904163,97433600
2019-10-21,59.380001,60.247501,59.330002,60.127499,58.908367,87247200
2019-10-22,60.290001,60.549999,59.904999,59.990002,58.773663,82293600
2019-10-23,60.525002,60.810001,60.305000,60.794998,59.562340,75828800
2019-10-24,61.127499,61.200001,60.452499,60.895000,59.660316,69275200
2019-10-25,60.790001,61.682499,60.720001,61.645000,60.395103,73477200
2019-10-28,61.855000,62.312500,61.680000,62.262501,61.000084,96572800
2019-10-29,62.242500,62.437500,60.642502,60.822498,59.589291,142839600
2019-10-30,61.189999,61.325001,60.302502,60.814999,59.581932,124522000
2019-10-31,61.810001,62.292500,59.314999,62.189999,60.929058,139162000
2019-11-01,62.384998,63.982498,62.290001,63.955002,62.658268,151125200
2019-11-04,64.332497,64.462502,63.845001,64.375000,63.069763,103272000
2019-11-05,64.262497,64.547501,64.080002,64.282501,62.979137,79897600
2019-11-06,64.192497,64.372498,63.842499,64.309998,63.006065,75864400
2019-11-07,64.684998,65.087502,64.527496,64.857498,63.733238,94940400
2019-11-08,64.672501,65.110001,64.212502,65.035004,63.907669,69986400
2019-11-11,64.574997,65.617500,64.570000,65.550003,64.413742,81821200
2019-11-12,65.387497,65.697502,65.230003,65.489998,64.354782,87388800
2019-11-13,65.282501,66.195000,65.267502,66.117500,64.971397,102734400
2019-11-14,65.937500,66.220001,65.525002,65.660004,64.521835,89182800
2019-11-15,65.919998,66.445000,65.752502,66.440002,65.288322,100206400
2019-11-18,66.449997,66.857498,66.057503,66.775002,65.617508,86703200
2019-11-19,66.974998,67.000000,66.347504,66.572502,65.418518,76167200
2019-11-20,66.385002,66.519997,65.099998,65.797501,64.656952,106234400
2019-11-21,65.922501,66.002502,65.294998,65.502502,64.367065,121395200
2019-11-22,65.647499,65.794998,65.209999,65.445000,64.310562,65325200
2019-11-25,65.677498,66.610001,65.629997,66.592499,65.438156,84020400
2019-11-26,66.735001,66.790001,65.625000,66.072502,64.927185,105207600
2019-11-27,66.394997,66.995003,66.327499,66.959999,65.799301,65235600
2019-11-29,66.650002,67.000000,66.474998,66.812500,65.654366,46617600
2019-12-02,66.817497,67.062500,65.862503,66.040001,64.895241,94487200
2019-12-03,64.577499,64.882500,64.072502,64.862503,63.738144,114430400
2019-12-04,65.267502,65.827499,65.169998,65.434998,64.300735,67181600
2019-12-05,65.947502,66.472504,65.682503,66.394997,65.244087,74424400
2019-12-06,66.870003,67.750000,66.824997,67.677498,66.504364,106075600
2019-12-09,67.500000,67.699997,66.227501,66.730003,65.573296,128042400
2019-12-10,67.150002,67.517502,66.464996,67.120003,65.956520,90420400
2019-12-11,67.202499,67.775002,67.125000,67.692497,66.519089,78756800
2019-12-12,66.945000,68.139999,66.830002,67.864998,66.688614,137310400
2019-12-13,67.864998,68.824997,67.732498,68.787498,67.595131,133587600
2019-12-16,69.250000,70.197502,69.245003,69.964996,68.752205,128186000
2019-12-17,69.892502,70.442497,69.699997,70.102501,68.887337,114158400
2019-12-18,69.949997,70.474998,69.779999,69.934998,68.722725,116028400
2019-12-19,69.875000,70.294998,69.737503,70.004997,68.791512,98369200
2019-12-20,70.557503,70.662498,69.639999,69.860001,68.649025,275978000
2019-12-23,70.132500,71.062500,70.092499,71.000000,69.769272,98572000
2019-12-24,71.172501,71.222504,70.730003,71.067497,69.835594,48478800
2019-12-26,71.205002,72.495003,71.175003,72.477501,71.221153,93121200
2019-12-27,72.779999,73.492500,72.029999,72.449997,71.194145,146266000
2019-12-30,72.364998,73.172501,71.305000,72.879997,71.616684,144114400
2019-12-31,72.482498,73.419998,72.379997,73.412498,72.139954,100805600
2020-01-02,74.059998,75.150002,73.797501,75.087502,73.785927,135480400
2020-01-03,74.287498,75.144997,74.125000,74.357498,73.068573,146322800
2020-01-06,73.447502,74.989998,73.187500,74.949997,73.650787,118387200
2020-01-07,74.959999,75.224998,74.370003,74.597504,73.304420,108872000
2020-01-08,74.290001,76.110001,74.290001,75.797501,74.483612,132079200
2020-01-09,76.809998,77.607498,76.550003,77.407501,76.065697,170108400
2020-01-10,77.650002,78.167503,77.062500,77.582497,76.237663,140644800
2020-01-13,77.910004,79.267502,77.787498,79.239998,77.866440,121532000
2020-01-14,79.175003,79.392502,78.042503,78.169998,76.814987,161954400
2020-01-15,77.962502,78.875000,77.387497,77.834999,76.485779,121923600
2020-01-16,78.397499,78.925003,78.022499,78.809998,77.443893,108829200
2020-01-17,79.067497,79.684998,78.750000,79.682503,78.301262,137816400
2020-01-21,79.297501,79.754997,79.000000,79.142502,77.770638,110843200
2020-01-22,79.644997,79.997498,79.327499,79.425003,78.048233,101832400
2020-01-23,79.480003,79.889999,78.912498,79.807503,78.424103,104472000
2020-01-24,80.062500,80.832497,79.379997,79.577499,78.198074,146537600
2020-01-27,77.514999,77.942497,76.220001,77.237503,75.898651,161940000
2020-01-28,78.150002,79.599998,78.047501,79.422501,78.045769,162234000
2020-01-29,81.112503,81.962502,80.345001,81.084999,79.679451,216229200
2020-01-30,80.135002,81.022499,79.687500,80.967499,79.563980,126743200
2020-01-31,80.232498,80.669998,77.072502,77.377502,76.036224,199588400
2020-02-03,76.074997,78.372498,75.555000,77.165001,75.827400,173788400
2020-02-04,78.827499,79.910004,78.407501,79.712502,78.330750,136616400
2020-02-05,80.879997,81.190002,79.737503,80.362503,78.969482,118826800
2020-02-06,80.642502,81.305000,80.065002,81.302498,79.893181,105425600
2020-02-07,80.592499,80.849998,79.500000,80.007500,78.807220,117684000
2020-02-10,78.544998,80.387497,78.462502,80.387497,79.181519,109348800
2020-02-11,80.900002,80.974998,79.677498,79.902496,78.703796,94323200
2020-02-12,80.367500,81.805000,80.367500,81.800003,80.572838,113730400
2020-02-13,81.047501,81.555000,80.837502,81.217499,79.999062,94747600
2020-02-14,81.184998,81.495003,80.712502,81.237503,80.018776,80113600
2020-02-18,78.839996,79.937500,78.652496,79.750000,78.553589,152531200
2020-02-19,80.000000,81.142502,80.000000,80.904999,79.691254,93984000
2020-02-20,80.657501,81.162498,79.552498,80.074997,78.873703,100566000
2020-02-21,79.654999,80.112503,77.625000,78.262497,77.088402,129554000
2020-02-24,74.315002,76.044998,72.307503,74.544998,73.426674,222195200
2020-02-25,75.237503,75.632500,71.532501,72.019997,70.939545,230673600
2020-02-26,71.632500,74.470001,71.625000,73.162498,72.064911,198054800
2020-02-27,70.275002,71.500000,68.239998,68.379997,67.354156,320605600
2020-02-28,64.315002,69.602501,64.092499,68.339996,67.314751,426510000
2020-03-02,70.570000,75.360001,69.430000,74.702499,73.581802,341397200
2020-03-03,75.917503,76.000000,71.449997,72.330002,71.244904,319475600
2020-03-04,74.110001,75.849998,73.282501,75.684998,74.549561,219178400
2020-03-05,73.879997,74.887497,72.852501,73.230003,72.131401,187572800
2020-03-06,70.500000,72.705002,70.307503,72.257500,71.173485,226176800
2020-03-09,65.937500,69.522499,65.750000,66.542503,65.544235,286744800
2020-03-10,69.285004,71.610001,67.342499,71.334999,70.264824,285290000
2020-03-11,69.347504,70.305000,67.964996,68.857498,67.824486,255598800
2020-03-12,63.985001,67.500000,62.000000,62.057499,61.126507,418474000
2020-03-13,66.222504,69.980003,63.237499,69.492500,68.449974,370732000
2020-03-16,60.487499,64.769997,60.000000,60.552502,59.644089,322423600
2020-03-17,61.877499,64.402496,59.599998,63.215000,62.266640,324056000
2020-03-18,59.942501,62.500000,59.279999,61.667500,60.742355,300233600
2020-03-19,61.847500,63.209999,60.652500,61.195000,60.276943,271857200
2020-03-20,61.794998,62.957500,57.000000,57.310001,56.450230,401693200
2020-03-23,57.020000,57.125000,53.152500,56.092499,55.250992,336752800
2020-03-24,59.090000,61.922501,58.575001,61.720001,60.794071,287531200
2020-03-25,62.687500,64.562500,61.075001,61.380001,60.459171,303602000
2020-03-26,61.630001,64.669998,61.590000,64.610001,63.640724,252087200
2020-03-27,63.187500,63.967499,61.762501,61.935001,61.005852,204216800
2020-03-30,62.685001,63.880001,62.349998,63.702499,62.746834,167976400
2020-03-31,63.900002,65.622498,63.000000,63.572498,62.618774,197002000
2020-04-01,61.625000,62.180000,59.782501,60.227501,59.323959,176218400
2020-04-02,60.084999,61.287498,59.224998,61.232498,60.313877,165934000
2020-04-03,60.700001,61.424999,59.742500,60.352501,59.447090,129880000
2020-04-06,62.724998,65.777496,62.345001,65.617500,64.633095,201820400
2020-04-07,67.699997,67.925003,64.750000,64.857498,63.884495,202887200
2020-04-08,65.684998,66.842499,65.307503,66.517502,65.519608,168895200
2020-04-09,67.175003,67.517502,66.175003,66.997498,65.992386,161834800
2020-04-13,67.077499,68.425003,66.457497,68.312500,67.287659,131022800
2020-04-14,70.000000,72.062500,69.512497,71.762497,70.685913,194994800
2020-04-15,70.599998,71.582497,70.157501,71.107498,70.040733,131154400
2020-04-16,71.845001,72.050003,70.587502,71.672501,70.597260,157125200
2020-04-17,71.172501,71.737503,69.214996,70.699997,69.639351,215250000
2020-04-20,69.487503,70.419998,69.212502,69.232498,68.193871,130015200
2020-04-21,69.070000,69.312500,66.357498,67.092499,66.085968,180991600
2020-04-22,68.402496,69.474998,68.050003,69.025002,67.989471,116862400
2020-04-23,68.967499,70.437500,68.717499,68.757500,67.725990,124814400
2020-04-24,69.300003,70.752502,69.250000,70.742500,69.681213,126161200
2020-04-27,70.449997,71.135002,69.987503,70.792503,69.730469,117087600
2020-04-28,71.269997,71.457497,69.550003,69.644997,68.600182,112004800
2020-04-29,71.182503,72.417503,70.972504,71.932503,70.853363,137280800
2020-04-30,72.489998,73.632500,72.087502,73.449997,72.348099,183064000
2020-05-01,71.562500,74.750000,71.462502,72.267502,71.183334,240616800
2020-05-04,72.292503,73.422501,71.580002,73.290001,72.190506,133568000
2020-05-05,73.764999,75.250000,73.614998,74.389999,73.273994,147751200
2020-05-06,75.114998,75.809998,74.717499,75.157501,74.029984,142333600
2020-05-07,75.805000,76.292503,75.492500,75.934998,74.795822,115215200
2020-05-08,76.410004,77.587502,76.072502,77.532501,76.576080,133838400
2020-05-11,77.025002,79.262497,76.809998,78.752502,77.781029,145946400
2020-05-12,79.457497,79.922501,77.727501,77.852501,76.892128,162301200
2020-05-13,78.037498,78.987503,75.802498,76.912498,75.963730,200622400
2020-05-14,76.127502,77.447502,75.382500,77.385002,76.430397,158929200
2020-05-15,75.087502,76.974998,75.052498,76.927498,75.978539,166348400
2020-05-18,78.292503,79.125000,77.580002,78.739998,77.768669,135178400
2020-05-19,78.757500,79.629997,78.252502,78.285004,77.319298,101729600
2020-05-20,79.169998,79.879997,79.129997,79.807503,78.823021,111504800
2020-05-21,79.665001,80.222504,78.967499,79.212502,78.235352,102688800
2020-05-22,78.942497,79.807503,78.837502,79.722504,78.739067,81803200
2020-05-26,80.875000,81.059998,79.125000,79.182503,78.205734,125522000
2020-05-27,79.035004,79.677498,78.272499,79.527496,78.546463,112945200
2020-05-28,79.192497,80.860001,78.907501,79.562500,78.581032,133560800
2020-05-29,79.812500,80.287498,79.117500,79.485001,78.504494,153532400
2020-06-01,79.437500,80.587502,79.302498,80.462502,79.469940,80791200
2020-06-02,80.187500,80.860001,79.732498,80.834999,79.837837,87642800
2020-06-03,81.165001,81.550003,80.574997,81.279999,80.277351,104491200
2020-06-04,81.097504,81.404999,80.195000,80.580002,79.585983,87560400
2020-06-05,80.837502,82.937500,80.807503,82.875000,81.852676,137250400
2020-06-08,82.562500,83.400002,81.830002,83.364998,82.336624,95654400
2020-06-09,83.035004,86.402496,83.002502,85.997498,84.936661,147712400
2020-06-10,86.974998,88.692497,86.522499,88.209999,87.121864,166651600
2020-06-11,87.327499,87.764999,83.870003,83.974998,82.939110,201662400
2020-06-12,86.180000,86.949997,83.555000,84.699997,83.655159,200146000
2020-06-15,83.312500,86.419998,83.144997,85.747498,84.689735,138808800
2020-06-16,87.864998,88.300003,86.180000,88.019997,86.934212,165428800
2020-06-17,88.787498,88.849998,87.772499,87.897499,86.813217,114406400
2020-06-18,87.852501,88.362503,87.305000,87.932503,86.847794,96820400
2020-06-19,88.660004,89.139999,86.287498,87.430000,86.351494,264476000
2020-06-22,87.834999,89.864998,87.787498,89.717499,88.610771,135445200
2020-06-23,91.000000,93.095001,90.567497,91.632500,90.502151,212155600
2020-06-24,91.250000,92.197502,89.629997,90.014999,88.904602,192623200
2020-06-25,90.175003,91.250000,89.392502,91.209999,90.084854,137522400
2020-06-26,91.102501,91.330002,88.254997,88.407501,87.316933,205256800
2020-06-29,88.312500,90.542503,87.820000,90.445000,89.329300,130646000
2020-06-30,90.019997,91.495003,90.000000,91.199997,90.074974,140223200
2020-07-01,91.279999,91.839996,90.977501,91.027496,89.904610,110737200
2020-07-02,91.962502,92.617500,90.910004,91.027496,89.904610,114041600
2020-07-06,92.500000,93.945000,92.467499,93.462502,92.309570,118655600
2020-07-07,93.852501,94.654999,93.057503,93.172501,92.023155,112424400
2020-07-08,94.180000,95.375000,94.089996,95.342499,94.166374,117092000
2020-07-09,96.262497,96.317497,94.672501,95.752502,94.571320,125642800
2020-07-10,95.334999,95.980003,94.705002,95.919998,94.736755,90257200
2020-07-13,97.264999,99.955002,95.257500,95.477501,94.299721,191649200
2020-07-14,94.839996,97.254997,93.877502,97.057503,95.860229,170989200
2020-07-15,98.989998,99.247498,96.489998,97.724998,96.519485,153198000
2020-07-16,96.562500,97.404999,95.904999,96.522499,95.331833,110577600
2020-07-17,96.987503,97.147499,95.839996,96.327499,95.139236,92186800
2020-07-20,96.417503,98.500000,96.062500,98.357498,97.144180,90318000
2020-07-21,99.172501,99.250000,96.742500,97.000000,95.803436,103433200
2020-07-22,96.692497,97.974998,96.602501,97.272499,96.072571,89001600
2020-07-23,96.997498,97.077499,92.010002,92.845001,91.699684,197004400
2020-07-24,90.987503,92.970001,89.144997,92.614998,91.472527,185438800
2020-07-27,93.709999,94.904999,93.480003,94.809998,93.640450,121214000
2020-07-28,94.367500,94.550003,93.247498,93.252502,92.102158,103625600
2020-07-29,93.750000,95.230003,93.712502,95.040001,93.867615,90329200
2020-07-30,94.187500,96.297501,93.767502,96.190002,95.003441,158130000
2020-07-31,102.885002,106.415001,100.824997,106.260002,104.949203,374336800
2020-08-03,108.199997,111.637497,107.892502,108.937500,107.593681,308151200
2020-08-04,109.132500,110.790001,108.387497,109.665001,108.312210,173071600
2020-08-05,109.377502,110.392502,108.897499,110.062500,108.704788,121776800
2020-08-06,110.404999,114.412498,109.797501,113.902496,112.497429,202428800
2020-08-07,113.205002,113.675003,110.292503,111.112503,109.939713,198045600
2020-08-10,112.599998,113.775002,110.000000,112.727501,111.537666,212403600
2020-08-11,111.970001,112.482498,109.107498,109.375000,108.220551,187902400
2020-08-12,110.497498,113.275002,110.297501,113.010002,111.817184,165598000
2020-08-13,114.430000,116.042503,113.927498,115.010002,113.796074,210082000
2020-08-14,114.830002,115.000000,113.044998,114.907501,113.694664,165565200
2020-08-17,116.062500,116.087502,113.962502,114.607498,113.397827,119561600
2020-08-18,114.352501,116.000000,114.007500,115.562500,114.342735,105633600
2020-08-19,115.982498,117.162498,115.610001,115.707497,114.486206,145538000
2020-08-20,115.750000,118.392502,115.732498,118.275002,117.026619,126907200
2020-08-21,119.262497,124.867500,119.250000,124.370003,123.057274,338054800
2020-08-24,128.697495,128.785004,123.937500,125.857498,124.529068,345937600
2020-08-25,124.697502,125.180000,123.052498,124.824997,123.507477,211495600
2020-08-26,126.180000,126.992500,125.082497,126.522499,125.187057,163022400
2020-08-27,127.142502,127.485001,123.832497,125.010002,123.690521,155552400
2020-08-28,126.012497,126.442497,124.577499,124.807503,123.490173,187630000
2020-08-31,127.580002,131.000000,126.000000,129.039993,127.677979,225702700
2020-09-01,132.759995,134.800003,130.529999,134.179993,132.763733,151948100
2020-09-02,137.589996,137.979996,127.000000,131.399994,130.013062,200119000
2020-09-03,126.910004,128.839996,120.500000,120.879997,119.604118,257599600
2020-09-04,120.070000,123.699997,110.889999,120.959999,119.683273,332607200
2020-09-08,113.949997,118.989998,112.680000,112.820000,111.629196,231366600
2020-09-09,117.260002,119.139999,115.260002,117.320000,116.081688,176940500
2020-09-10,120.360001,120.500000,112.500000,113.489998,112.292122,182274400
2020-09-11,114.570000,115.230003,110.000000,112.000000,110.817841,180860300
2020-09-14,114.720001,115.930000,112.800003,115.360001,114.142380,140150100
2020-09-15,118.330002,118.830002,113.610001,115.540001,114.320488,184642000
2020-09-16,115.230003,116.000000,112.040001,112.129997,110.946465,154679000
2020-09-17,109.720001,112.199997,108.709999,110.339996,109.175362,178011000
2020-09-18,110.400002,110.879997,106.089996,106.839996,105.712311,287104900
2020-09-21,104.540001,110.190002,103.099998,110.080002,108.918114,195713800
2020-09-22,112.680000,112.860001,109.160004,111.809998,110.629852,183055400
2020-09-23,111.620003,112.110001,106.769997,107.120003,105.989349,150718700
2020-09-24,105.169998,110.250000,105.000000,108.220001,107.077736,167743300
2020-09-25,108.430000,112.440002,107.669998,112.279999,111.094879,149981400
2020-09-28,115.010002,115.320000,112.779999,114.959999,113.746605,137672400
2020-09-29,114.550003,115.309998,113.570000,114.089996,112.885788,99382200
2020-09-30,113.790001,117.260002,113.620003,115.809998,114.587624,142675200
2020-10-01,117.639999,117.720001,115.830002,116.790001,115.557281,116120400
2020-10-02,112.889999,115.370003,112.220001,113.019997,111.827072,144712000
2020-10-05,113.910004,116.650002,113.550003,116.500000,115.270355,106243800
2020-10-06,115.699997,116.120003,112.250000,113.160004,111.965607,161498200
2020-10-07,114.620003,115.550003,114.129997,115.080002,113.865341,96849000
2020-10-08,116.250000,116.400002,114.589996,114.970001,113.756508,83477200
2020-10-09,115.279999,117.000000,114.919998,116.970001,115.735382,100506900
2020-10-12,120.059998,125.180000,119.279999,124.400002,123.086960,240226800
2020-10-13,125.269997,125.389999,119.650002,121.099998,119.821785,262330500
2020-10-14,121.000000,123.029999,119.620003,121.190002,119.910851,150712000
2020-10-15,118.720001,121.199997,118.150002,120.709999,119.435913,112559200
2020-10-16,121.279999,121.550003,118.809998,119.019997,117.763741,115393800
2020-10-19,119.959999,120.419998,115.660004,115.980003,114.755844,120639300
2020-10-20,116.199997,118.980003,115.629997,117.510002,116.269684,124423700
2020-10-21,116.669998,118.709999,116.449997,116.870003,115.636444,89946000
2020-10-22,117.449997,118.040001,114.589996,115.750000,114.528267,101988000
2020-10-23,116.389999,116.550003,114.279999,115.040001,113.825752,82572600
2020-10-26,114.010002,116.550003,112.879997,115.050003,113.835648,111850700
2020-10-27,115.489998,117.279999,114.540001,116.599998,115.369293,92276800
2020-10-28,115.050003,115.430000,111.099998,111.199997,110.026268,143937800
2020-10-29,112.370003,116.930000,112.199997,115.320000,114.102798,146129200
2020-10-30,111.059998,111.989998,107.720001,108.860001,107.710991,190272600
2020-11-02,109.110001,110.680000,107.320000,108.769997,107.621933,122866900
2020-11-03,109.660004,111.489998,108.730003,110.440002,109.274323,107624400
2020-11-04,114.139999,115.589996,112.349998,114.949997,113.736702,138235500
2020-11-05,117.949997,119.620003,116.870003,119.029999,117.773636,126387100
2020-11-06,118.320000,119.199997,116.129997,118.690002,117.639847,114457900
2020-11-09,120.500000,121.989998,116.050003,116.320000,115.290802,154515300
2020-11-10,115.550003,117.589996,114.129997,115.970001,114.943901,138023400
2020-11-11,117.190002,119.629997,116.440002,119.489998,118.432762,112295000
2020-11-12,119.620003,120.529999,118.570000,119.209999,118.155235,103162300
2020-11-13,119.440002,119.669998,117.870003,119.260002,118.204788,81581900
2020-11-16,118.919998,120.989998,118.150002,120.300003,119.235596,91183000
2020-11-17,119.550003,120.669998,118.959999,119.389999,118.333649,74271000
2020-11-18,118.610001,119.820000,118.000000,118.029999,116.985672,76322100
2020-11-19,117.589996,119.059998,116.809998,118.639999,117.590271,74113000
2020-11-20,118.639999,118.769997,117.290001,117.339996,116.301781,73604300
2020-11-23,117.180000,117.620003,113.750000,113.849998,112.842659,127959300
2020-11-24,113.910004,115.849998,112.589996,115.169998,114.150986,113874200
2020-11-25,115.550003,116.750000,115.169998,116.029999,115.003365,76499200
2020-11-27,116.570000,117.489998,116.220001,116.589996,115.558418,46691300
2020-11-30,116.970001,120.970001,116.809998,119.050003,117.996658,169410200
2020-12-01,121.010002,123.470001,120.010002,122.720001,121.634193,127728200
2020-12-02,122.019997,123.370003,120.889999,123.080002,121.990997,89004200
2020-12-03,123.519997,123.779999,122.209999,122.940002,121.852242,78967600
2020-12-04,122.599998,122.860001,121.519997,122.250000,121.168343,78260400
2020-12-07,122.309998,124.570000,122.250000,123.750000,122.655075,86712000
2020-12-08,124.370003,124.980003,123.089996,124.379997,123.279488,82225500
2020-12-09,124.529999,125.949997,121.000000,121.779999,120.702492,115089200
2020-12-10,120.500000,123.870003,120.150002,123.239998,122.149574,81312200
2020-12-11,122.430000,122.760002,120.550003,122.410004,121.326920,86939800
2020-12-14,122.599998,123.349998,121.540001,121.779999,120.702492,79184500
2020-12-15,124.339996,127.900002,124.129997,127.879997,126.748528,157243700
2020-12-16,127.410004,128.369995,126.559998,127.809998,126.679153,98208600
2020-12-17,128.899994,129.580002,128.039993,128.699997,127.561256,94359800
2020-12-18,128.960007,129.100006,126.120003,126.660004,125.539330,192541500
2020-12-21,125.019997,128.309998,123.449997,128.229996,127.095436,121251600
2020-12-22,131.610001,134.410004,129.649994,131.880005,130.713120,168904800
2020-12-23,132.160004,132.429993,130.779999,130.960007,129.801270,88223700
2020-12-24,131.320007,133.460007,131.100006,131.970001,130.802338,54930100
2020-12-28,133.990005,137.339996,133.509995,136.690002,135.480591,124486200
2020-12-29,138.050003,138.789993,134.339996,134.869995,133.676666,121047300
2020-12-30,135.580002,135.990005,133.399994,133.720001,132.536850,96452100
2020-12-31,134.080002,134.740005,131.720001,132.690002,131.515991,99116600
2021-01-04,133.520004,133.610001,126.760002,129.410004,128.264984,143301900
2021-01-05,128.889999,131.740005,128.429993,131.009995,129.850830,97664900
2021-01-06,127.720001,131.050003,126.379997,126.599998,125.479851,155088000
2021-01-07,128.360001,131.630005,127.860001,130.919998,129.761627,109578200
2021-01-08,132.429993,132.630005,130.229996,132.050003,130.881638,105158200
2021-01-11,129.190002,130.169998,128.500000,128.979996,127.838783,100384500
2021-01-12,128.500000,129.690002,126.860001,128.800003,127.660400,91951100
2021-01-13,128.759995,131.449997,128.490005,130.889999,129.731903,88636800
2021-01-14,130.800003,131.000000,128.759995,128.910004,127.769424,90221800
2021-01-15,128.779999,130.220001,127.000000,127.139999,126.015068,111598500
2021-01-19,127.779999,128.710007,126.940002,127.830002,126.698967,90757300
2021-01-20,128.660004,132.490005,128.550003,132.029999,130.861801,104319500
2021-01-21,133.800003,139.669998,133.589996,136.869995,135.658997,120150900
2021-01-22,136.279999,139.850006,135.020004,139.070007,137.839539,114459400
2021-01-25,143.070007,145.089996,136.539993,142.919998,141.655441,157611700
2021-01-26,143.600006,144.300003,141.369995,143.160004,141.893326,98390600
2021-01-27,143.429993,144.300003,140.410004,142.059998,140.803055,140843800
2021-01-28,139.520004,141.990005,136.699997,137.089996,135.877045,142621100
2021-01-29,135.830002,136.740005,130.210007,131.960007,130.792435,177523800
2021-02-01,133.750000,135.380005,130.929993,134.139999,132.953140,106239800
2021-02-02,135.729996,136.309998,134.610001,134.990005,133.795609,83305400
2021-02-03,135.759995,135.770004,133.610001,133.940002,132.754929,89880900
2021-02-04,136.300003,137.399994,134.589996,137.389999,136.174377,84183100
2021-02-05,137.350006,137.419998,135.860001,136.759995,135.752502,75693800
2021-02-08,136.029999,136.960007,134.919998,136.910004,135.901413,71297200
2021-02-09,136.619995,137.880005,135.850006,136.009995,135.008041,76774200
2021-02-10,136.479996,136.990005,134.399994,135.389999,134.392609,73046600
2021-02-11,135.899994,136.389999,133.770004,135.130005,134.134521,64280000
2021-02-12,134.350006,135.529999,133.690002,135.369995,134.372757,60145100
2021-02-16,135.490005,136.009995,132.789993,133.190002,132.208801,80576300
2021-02-17,131.250000,132.220001,129.470001,130.839996,129.876114,97918500
2021-02-18,129.199997,130.000000,127.410004,129.710007,128.754456,96856700
2021-02-19,130.240005,130.710007,128.800003,129.869995,128.913269,87668800
2021-02-22,128.009995,129.720001,125.599998,126.000000,125.071785,103916400
2021-02-23,123.760002,126.709999,118.389999,125.860001,124.932823,158273000
2021-02-24,124.940002,125.559998,122.230003,125.349998,124.426559,111039900
2021-02-25,124.680000,126.459999,120.540001,120.989998,120.098686,148199500
2021-02-26,122.589996,124.849998,121.199997,121.260002,120.366699,164560400
2021-03-01,123.750000,127.930000,122.790001,127.790001,126.848587,116307900
2021-03-02,128.410004,128.720001,125.010002,125.120003,124.198265,102260900
2021-03-03,124.809998,125.709999,121.839996,122.059998,121.160797,112966300
2021-03-04,121.750000,123.599998,118.620003,120.129997,119.245018,178155000
2021-03-05,120.980003,121.940002,117.570000,121.419998,120.525520,153766600
2021-03-08,120.930000,121.000000,116.209999,116.360001,115.502792,154376600
2021-03-09,119.029999,122.059998,118.790001,121.089996,120.197945,129525800
2021-03-10,121.690002,122.169998,119.449997,119.980003,119.096130,111943300
2021-03-11,122.540001,123.209999,121.260002,121.959999,121.061539,103026500
2021-03-12,120.400002,121.169998,119.160004,121.029999,120.138390,88105100
2021-03-15,121.410004,124.000000,120.419998,123.989998,123.076584,92403800
2021-03-16,125.699997,127.220001,124.720001,125.570000,124.644951,115227900
2021-03-17,124.050003,125.860001,122.339996,124.760002,123.840919,111932600
2021-03-18,122.879997,123.180000,120.320000,120.529999,119.642075,121229700
2021-03-19,119.900002,121.430000,119.680000,119.989998,119.106049,185549500
2021-03-22,120.330002,123.870003,120.260002,123.389999,122.481003,111912300
2021-03-23,123.330002,124.239998,122.139999,122.540001,121.637260,95467100
2021-03-24,122.820000,122.900002,120.070000,120.089996,119.205315,88530500
2021-03-25,119.540001,121.660004,119.000000,120.589996,119.701622,98844700
2021-03-26,120.349998,121.480003,118.919998,121.209999,120.317062,94071200
2021-03-29,121.650002,122.580002,120.730003,121.389999,120.495743,80819200
2021-03-30,120.110001,120.400002,118.860001,119.900002,119.016724,85671900
2021-03-31,121.650002,123.519997,121.150002,122.150002,121.250130,118323800
2021-04-01,123.660004,124.180000,122.489998,123.000000,122.093887,75089100
2021-04-05,123.870003,126.160004,123.070000,125.900002,124.972519,88651200
2021-04-06,126.500000,127.129997,125.650002,126.209999,125.280228,80171300
2021-04-07,125.830002,127.919998,125.139999,127.900002,126.957787,83466700
2021-04-08,128.949997,130.389999,128.520004,130.360001,129.399673,88844600
2021-04-09,129.800003,133.039993,129.470001,133.000000,132.020203,106686700
2021-04-12,132.520004,132.850006,130.630005,131.240005,130.273193,91420000
2021-04-13,132.440002,134.660004,131.929993,134.429993,133.439667,91266500
2021-04-14,134.940002,135.000000,131.660004,132.029999,131.057358,87222800
2021-04-15,133.820007,135.000000,133.639999,134.500000,133.509140,89347100
2021-04-16,134.300003,134.669998,133.279999,134.160004,133.171692,84922400
2021-04-19,133.509995,135.470001,133.339996,134.839996,133.846664,94264200
2021-04-20,135.020004,135.529999,131.809998,133.110001,132.129410,94812300
2021-04-21,132.360001,133.750000,131.300003,133.500000,132.516541,68847100
2021-04-22,133.039993,134.149994,131.410004,131.940002,130.968018,84566500
2021-04-23,132.160004,135.119995,132.160004,134.320007,133.330490,78657500
2021-04-26,134.830002,135.059998,133.559998,134.720001,133.727539,66905100
2021-04-27,135.009995,135.410004,134.110001,134.389999,133.399963,66015800
2021-04-28,134.309998,135.020004,133.080002,133.580002,132.595947,107760100
2021-04-29,136.470001,137.070007,132.449997,133.479996,132.496674,151101000
2021-04-30,131.779999,133.559998,131.070007,131.460007,130.491562,109839500
2021-05-03,132.039993,134.070007,131.830002,132.539993,131.563599,75135100
2021-05-04,131.190002,131.490005,126.699997,127.849998,126.908150,137564700
2021-05-05,129.199997,130.449997,127.970001,128.100006,127.156319,84000900
2021-05-06,127.889999,129.750000,127.129997,129.740005,128.784241,78128300
2021-05-07,130.850006,131.259995,129.479996,130.210007,129.470322,78973300
2021-05-10,129.410004,129.539993,126.809998,126.849998,126.129402,88071200
2021-05-11,123.500000,126.269997,122.769997,125.910004,125.194733,126142800
2021-05-12,123.400002,124.639999,122.250000,122.769997,122.072563,112172300
2021-05-13,124.580002,126.150002,124.260002,124.970001,124.260078,105861300
2021-05-14,126.250000,127.889999,125.849998,127.449997,126.725990,81918000
2021-05-17,126.820000,126.930000,125.169998,126.269997,125.552681,74244600
2021-05-18,126.559998,126.989998,124.779999,124.849998,124.140755,63342900
2021-05-19,123.160004,124.919998,122.860001,124.690002,123.981667,92612000
2021-05-20,125.230003,127.720001,125.099998,127.309998,126.586777,76857100
2021-05-21,127.820000,128.000000,125.209999,125.430000,124.717461,79295400
2021-05-24,126.010002,127.940002,125.940002,127.099998,126.377975,63092900
2021-05-25,127.820000,128.320007,126.320000,126.900002,126.179108,72009500
2021-05-26,126.959999,127.389999,126.419998,126.849998,126.129402,56575900
2021-05-27,126.440002,127.639999,125.080002,125.279999,124.568314,94625600
2021-05-28,125.570000,125.800003,124.550003,124.610001,123.902122,71311100
2021-06-01,125.080002,125.349998,123.940002,124.279999,123.574005,67637100
2021-06-02,124.279999,125.239998,124.050003,125.059998,124.349564,59278900
2021-06-03,124.680000,124.849998,123.129997,123.540001,122.838196,76229200
2021-06-04,124.070000,126.160004,123.849998,125.889999,125.174850,75169300
2021-06-07,126.169998,126.320000,124.830002,125.900002,125.184792,71057600
2021-06-08,126.599998,128.460007,126.209999,126.739998,126.020020,74403800
2021-06-09,127.209999,127.750000,126.519997,127.129997,126.407799,56877900
2021-06-10,127.019997,128.190002,125.940002,126.110001,125.393600,71186400
2021-06-11,126.529999,127.440002,126.099998,127.349998,126.626549,53522400
2021-06-14,127.820000,130.539993,127.070000,130.479996,129.738770,96906500
2021-06-15,129.940002,130.600006,129.389999,129.639999,128.903534,62746300
2021-06-16,130.369995,130.889999,128.460007,130.149994,129.410645,91815000
2021-06-17,129.800003,132.550003,129.649994,131.789993,131.041321,96721700
2021-06-18,130.710007,131.509995,130.240005,130.460007,129.718903,108953300
2021-06-21,130.300003,132.410004,129.210007,132.300003,131.548416,79663300
2021-06-22,132.130005,134.080002,131.619995,133.979996,133.218887,74783600
2021-06-23,133.770004,134.320007,133.229996,133.699997,132.940491,60214200
2021-06-24,134.449997,134.639999,132.929993,133.410004,132.652130,68711000
2021-06-25,133.460007,133.889999,132.809998,133.110001,132.353836,70783700
2021-06-28,133.410004,135.250000,133.350006,134.779999,134.014328,62111300
2021-06-29,134.800003,136.490005,134.350006,136.330002,135.555542,64556100
2021-06-30,136.169998,137.410004,135.869995,136.960007,136.181946,63261400
2021-07-01,136.600006,137.330002,135.759995,137.270004,136.490219,52485800
2021-07-02,137.899994,140.000000,137.750000,139.960007,139.164932,78852600
2021-07-06,140.070007,143.149994,140.070007,142.020004,141.213211,108181800
2021-07-07,143.539993,144.889999,142.660004,144.570007,143.748734,104911600
2021-07-08,141.580002,144.059998,140.669998,143.240005,142.426285,105575500
2021-07-09,142.750000,145.649994,142.649994,145.110001,144.285675,99890800
2021-07-12,146.210007,146.320007,144.000000,144.500000,143.679123,76299700
2021-07-13,144.029999,147.460007,143.630005,145.639999,144.812653,100827100
2021-07-14,148.100006,149.570007,147.679993,149.149994,148.302704,127050800
2021-07-15,149.240005,150.000000,147.089996,148.479996,147.636520,106820300
2021-07-16,148.460007,149.759995,145.880005,146.389999,145.558395,93251400
2021-07-19,143.750000,144.070007,141.669998,142.449997,141.640762,121434600
2021-07-20,143.460007,147.100006,142.960007,146.149994,145.319748,96350000
2021-07-21,145.529999,146.130005,144.630005,145.399994,144.574005,74993500
2021-07-22,145.940002,148.199997,145.809998,146.800003,145.966064,77338200
2021-07-23,147.550003,148.720001,146.919998,148.559998,147.716064,71447400
2021-07-26,148.270004,149.830002,147.699997,148.990005,148.143631,72434100
2021-07-27,149.119995,149.210007,145.550003,146.770004,145.936249,104818600
2021-07-28,144.809998,146.970001,142.539993,144.979996,144.156387,118931200
2021-07-29,144.690002,146.550003,144.580002,145.639999,144.812653,56699500
2021-07-30,144.380005,146.330002,144.110001,145.860001,145.031387,70440600
2021-08-02,146.360001,146.949997,145.250000,145.520004,144.693359,62880000
2021-08-03,145.809998,148.039993,145.179993,147.360001,146.522873,64786600
2021-08-04,147.270004,147.789993,146.279999,146.949997,146.115219,56368300
2021-08-05,146.979996,147.839996,146.169998,147.059998,146.224579,46397700
2021-08-06,146.350006,147.110001,145.630005,146.139999,145.527512,54126800
2021-08-09,146.199997,146.699997,145.520004,146.089996,145.477722,48908700
2021-08-10,146.440002,147.710007,145.300003,145.600006,144.989792,69023100
2021-08-11,146.050003,146.720001,145.529999,145.860001,145.248688,48493500
2021-08-12,146.190002,149.050003,145.839996,148.889999,148.266006,72282600
2021-08-13,148.970001,149.440002,148.270004,149.100006,148.475128,59375000
2021-08-16,148.539993,151.190002,146.470001,151.119995,150.486649,103296000
2021-08-17,150.229996,151.679993,149.089996,150.190002,149.560562,92229700
2021-08-18,149.800003,150.720001,146.149994,146.360001,145.746597,86326000
2021-08-19,145.029999,148.000000,144.500000,146.699997,146.085175,86960300
2021-08-20,147.440002,148.500000,146.779999,148.190002,147.568939,60549600
2021-08-23,148.309998,150.190002,147.889999,149.710007,149.082581,60131800
2021-08-24,149.449997,150.860001,149.149994,149.619995,148.992935,48606400
2021-08-25,149.809998,150.320007,147.800003,148.360001,147.738205,58991300
2021-08-26,148.350006,149.119995,147.509995,147.539993,146.921646,48597200
2021-08-27,147.479996,148.750000,146.830002,148.600006,147.977219,55802400
2021-08-30,149.000000,153.490005,148.610001,153.119995,152.478271,90956700
2021-08-31,152.660004,152.800003,151.289993,151.830002,151.193680,86453100
2021-09-01,152.830002,154.979996,152.339996,152.509995,151.870819,80313700
2021-09-02,153.869995,154.720001,152.399994,153.649994,153.006042,71115500
2021-09-03,153.759995,154.630005,153.089996,154.300003,153.653336,57808700
2021-09-07,154.970001,157.259995,154.389999,156.690002,156.033325,82278300
2021-09-08,156.979996,157.039993,153.979996,155.110001,154.459930,74420200
2021-09-09,155.490005,156.110001,153.949997,154.070007,153.424301,57305700
2021-09-10,155.000000,155.479996,148.699997,148.970001,148.345657,140893200
2021-09-13,150.630005,151.419998,148.750000,149.550003,148.923233,102404300
2021-09-14,150.350006,151.070007,146.910004,148.119995,147.499207,109296300
2021-09-15,148.559998,149.440002,146.369995,149.029999,148.405396,83281300
2021-09-16,148.440002,148.970001,147.220001,148.789993,148.166397,68034100
2021-09-17,148.820007,148.820007,145.759995,146.059998,145.447861,129868800
2021-09-20,143.800003,144.839996,141.270004,142.940002,142.340942,123478900
2021-09-21,143.929993,144.600006,142.779999,143.429993,142.828873,75834000
2021-09-22,144.449997,146.429993,143.699997,145.850006,145.238739,76404300
2021-09-23,146.649994,147.080002,145.639999,146.830002,146.214645,64838200
2021-09-24,145.660004,147.470001,145.559998,146.919998,146.304245,53477900
2021-09-27,145.470001,145.960007,143.820007,145.369995,144.760742,74150700
2021-09-28,143.250000,144.750000,141.690002,141.910004,141.315247,108972300
2021-09-29,142.470001,144.449997,142.029999,142.830002,142.231415,74602000
2021-09-30,143.660004,144.380005,141.279999,141.500000,140.906967,89056700
2021-10-01,141.899994,142.919998,139.110001,142.649994,142.052155,94639600
2021-10-04,141.759995,142.210007,138.270004,139.139999,138.556854,98322000
2021-10-05,139.490005,142.240005,139.360001,141.110001,140.518616,80861100
2021-10-06,139.470001,142.149994,138.369995,142.000000,141.404877,83221100
2021-10-07,143.059998,144.220001,142.720001,143.289993,142.689453,61732700
2021-10-08,144.029999,144.179993,142.559998,142.899994,142.301102,58773200
2021-10-11,142.270004,144.809998,141.809998,142.809998,142.211472,64452200
2021-10-12,143.229996,143.250000,141.039993,141.509995,140.916931,73035900
2021-10-13,141.240005,141.399994,139.199997,140.910004,140.319458,78762700
2021-10-14,142.110001,143.880005,141.509995,143.759995,143.157486,69907100
2021-10-15,143.770004,144.899994,143.509995,144.839996,144.232971,67940300
2021-10-18,143.449997,146.839996,143.160004,146.550003,145.935806,85589200
2021-10-19,147.009995,149.169998,146.550003,148.759995,148.136536,76378900
2021-10-20,148.699997,149.750000,148.119995,149.259995,148.634445,58418800
2021-10-21,148.809998,149.639999,147.869995,149.479996,148.853516,61421000
2021-10-22,149.690002,150.179993,148.639999,148.690002,148.066849,58883400
2021-10-25,148.679993,149.369995,147.619995,148.639999,148.017044,50720600
2021-10-26,149.330002,150.839996,149.009995,149.320007,148.694199,60893400
2021-10-27,149.360001,149.729996,148.490005,148.850006,148.226166,56094900
2021-10-28,149.820007,153.169998,149.720001,152.570007,151.930588,100077900
2021-10-29,147.220001,149.940002,146.410004,149.800003,149.172180,124953200
2021-11-01,148.990005,149.699997,147.800003,148.960007,148.335709,74588300
2021-11-02,148.660004,151.570007,148.649994,150.020004,149.391266,69122000
2021-11-03,150.389999,151.970001,149.820007,151.490005,150.855118,54511500
2021-11-04,151.580002,152.429993,150.639999,150.960007,150.327332,60394600
2021-11-05,151.889999,152.199997,150.059998,151.279999,150.865845,65463900
2021-11-08,151.410004,151.570007,150.160004,150.440002,150.028152,55020900
2021-11-09,150.199997,151.429993,150.059998,150.809998,150.397125,56787900
2021-11-10,150.020004,150.130005,147.850006,147.919998,147.515045,65187100
2021-11-11,148.960007,149.429993,147.679993,147.869995,147.465179,41000000
2021-11-12,148.429993,150.399994,147.479996,149.990005,149.579376,63804000
2021-11-15,150.369995,151.880005,149.429993,150.000000,149.589340,59222800
2021-11-16,149.940002,151.490005,149.339996,151.000000,150.586609,59256200
2021-11-17,151.000000,155.000000,150.990005,153.490005,153.069794,88807000
2021-11-18,153.710007,158.669998,153.050003,157.869995,157.437790,137827700
2021-11-19,157.649994,161.020004,156.529999,160.550003,160.110474,117305600
2021-11-22,161.679993,165.699997,161.000000,161.020004,160.579178,117467900
2021-11-23,161.119995,161.800003,159.059998,161.410004,160.968109,96041900
2021-11-24,160.750000,162.139999,159.639999,161.940002,161.496674,69463600
2021-11-26,159.570007,160.449997,156.360001,156.809998,156.380707,76959800
2021-11-29,159.369995,161.190002,158.789993,160.240005,159.801315,88748200
2021-11-30,159.990005,165.520004,159.919998,165.300003,164.847473,174048100
2021-12-01,167.479996,170.300003,164.529999,164.770004,164.318924,152052500
2021-12-02,158.740005,164.199997,157.800003,163.759995,163.311676,136739200
2021-12-03,164.020004,164.960007,159.720001,161.839996,161.396927,118023100
2021-12-06,164.289993,167.880005,164.279999,165.320007,164.867416,107497000
2021-12-07,169.080002,171.580002,168.339996,171.179993,170.711349,120405400
2021-12-08,172.130005,175.960007,170.699997,175.080002,174.600693,116998900
2021-12-09,174.910004,176.750000,173.919998,174.559998,174.082108,108923700
2021-12-10,175.210007,179.630005,174.690002,179.449997,178.958725,115402700
2021-12-13,181.119995,182.130005,175.529999,175.740005,175.258881,153237000
2021-12-14,175.250000,177.740005,172.210007,174.330002,173.852753,139380400
2021-12-15,175.110001,179.500000,172.309998,179.300003,178.809143,131063300
2021-12-16,179.279999,181.139999,170.750000,172.259995,171.788406,150185800
2021-12-17,169.929993,173.470001,169.690002,171.139999,170.671478,195432700
2021-12-20,168.279999,170.580002,167.460007,169.750000,169.285278,107499100
2021-12-21,171.559998,173.199997,169.119995,172.990005,172.516403,91185900
2021-12-22,173.039993,175.860001,172.149994,175.639999,175.159149,92135300
2021-12-23,175.850006,176.850006,175.270004,176.279999,175.797409,68356600
2021-12-27,177.089996,180.419998,177.070007,180.330002,179.836319,74919600
2021-12-28,180.160004,181.330002,178.529999,179.289993,178.799149,79144300
2021-12-29,179.330002,180.630005,178.139999,179.380005,178.888916,62348900
2021-12-30,179.470001,180.570007,178.089996,178.199997,177.712143,59773000
2021-12-31,178.089996,179.229996,177.259995,177.570007,177.083878,64062300
2022-01-03,177.830002,182.880005,177.710007,182.009995,181.511703,104487900
2022-01-04,182.630005,182.940002,179.119995,179.699997,179.208038,99310400
2022-01-05,179.610001,180.169998,174.639999,174.919998,174.441116,94537600
2022-01-06,172.699997,175.300003,171.639999,172.000000,171.529129,96904000
2022-01-07,172.889999,174.139999,171.029999,172.169998,171.698654,86709100
2022-01-10,169.080002,172.500000,168.169998,172.190002,171.718597,106765600
2022-01-11,172.320007,175.179993,170.820007,175.080002,174.600693,76138300
2022-01-12,176.119995,177.179993,174.820007,175.529999,175.049454,74805200
2022-01-13,175.779999,176.619995,171.789993,172.190002,171.718597,84505800
2022-01-14,171.339996,173.779999,171.089996,173.070007,172.596207,80440800
2022-01-18,171.509995,172.539993,169.410004,169.800003,169.335144,90956700
2022-01-19,170.000000,171.080002,165.940002,166.229996,165.774918,94815000
2022-01-20,166.979996,169.679993,164.179993,164.509995,164.059616,91420500
2022-01-21,164.419998,166.330002,162.300003,162.410004,161.965378,122848900
2022-01-24,160.020004,162.300003,154.699997,161.619995,161.177521,162294600
2022-01-25,158.979996,162.759995,157.020004,159.779999,159.342575,115798400
2022-01-26,163.500000,164.389999,157.820007,159.690002,159.252823,108275300
2022-01-27,162.449997,163.839996,158.279999,159.220001,158.784119,121954600
2022-01-28,165.710007,170.350006,162.800003,170.330002,169.863693,179935700
2022-01-31,170.160004,175.000000,169.509995,174.779999,174.301514,115541600
2022-02-01,174.009995,174.839996,172.309998,174.610001,174.131973,86213900
2022-02-02,174.750000,175.880005,173.330002,175.839996,175.358612,84914300
2022-02-03,174.479996,176.240005,172.119995,172.899994,172.426651,89418100
2022-02-04,171.679993,174.100006,170.679993,172.389999,172.137085,82465400
2022-02-07,172.860001,173.949997,170.949997,171.660004,171.408157,77251200
2022-02-08,171.729996,175.350006,171.429993,174.830002,174.573502,74829200
2022-02-09,176.050003,176.649994,174.899994,176.279999,176.021378,71285000
2022-02-10,174.139999,175.479996,171.550003,172.119995,171.867477,90865900
2022-02-11,172.330002,173.080002,168.039993,168.639999,168.392593,98670700
2022-02-14,167.369995,169.580002,166.559998,168.880005,168.632233,86185500
2022-02-15,170.970001,172.949997,170.250000,172.789993,172.536499,62527400
2022-02-16,171.850006,173.339996,170.050003,172.550003,172.296860,61177400
2022-02-17,171.029999,171.910004,168.470001,168.880005,168.632233,69589300
2022-02-18,169.820007,170.539993,166.190002,167.300003,167.054550,82772700
2022-02-22,164.979996,166.690002,162.149994,164.320007,164.078934,91162800
2022-02-23,165.539993,166.149994,159.750000,160.070007,159.835175,90009200
2022-02-24,152.580002,162.850006,152.000000,162.740005,162.501251,141147500
2022-02-25,163.839996,165.119995,160.869995,164.850006,164.608154,91974200
2022-02-28,163.059998,165.419998,162.429993,165.119995,164.877747,95056600
2022-03-01,164.699997,166.600006,161.970001,163.199997,162.960571,83474400
2022-03-02,164.389999,167.360001,162.949997,166.559998,166.315643,79724800
2022-03-03,168.470001,168.910004,165.550003,166.229996,165.986115,76678400
2022-03-04,164.490005,165.550003,162.100006,163.169998,162.930603,83737200
2022-03-07,163.360001,165.020004,159.039993,159.300003,159.066299,96418800
2022-03-08,158.820007,162.880005,155.800003,157.440002,157.209015,131148300
2022-03-09,161.479996,163.410004,159.410004,162.949997,162.710938,91454900
2022-03-10,160.199997,160.389999,155.979996,158.520004,158.287445,105342000
2022-03-11,158.929993,159.279999,154.500000,154.729996,154.502991,96970100
2022-03-14,151.449997,154.119995,150.100006,150.619995,150.399017,108732100
2022-03-15,150.899994,155.570007,150.380005,155.089996,154.862457,92964300
2022-03-16,157.050003,160.000000,154.460007,159.589996,159.355865,102300200
2022-03-17,158.610001,161.000000,157.630005,160.619995,160.384354,75615400
2022-03-18,160.509995,164.479996,159.759995,163.979996,163.739426,123511700
2022-03-21,163.509995,166.350006,163.009995,165.380005,165.137375,95811400
2022-03-22,165.509995,169.419998,164.910004,168.820007,168.572327,81532000
2022-03-23,167.990005,172.639999,167.649994,170.210007,169.960297,98062700
2022-03-24,171.059998,174.139999,170.210007,174.070007,173.814621,90131400
2022-03-25,173.880005,175.279999,172.750000,174.720001,174.463669,80546200
2022-03-28,172.169998,175.729996,172.000000,175.600006,175.342377,90371900
2022-03-29,176.690002,179.009995,176.339996,178.960007,178.697449,100589400
2022-03-30,178.550003,179.610001,176.699997,177.770004,177.509201,92633200
2022-03-31,177.839996,178.029999,174.399994,174.610001,174.353836,103049300
2022-04-01,174.029999,174.880005,171.940002,174.309998,174.054260,78751300
2022-04-04,174.570007,178.490005,174.440002,178.440002,178.178207,76468400
2022-04-05,177.500000,178.300003,174.419998,175.059998,174.803162,73401800
2022-04-06,172.360001,173.630005,170.130005,171.830002,171.577911,89058800
2022-04-07,171.160004,173.360001,169.850006,172.139999,171.887451,77594700
2022-04-08,171.779999,171.779999,169.199997,170.089996,169.840454,76575500
2022-04-11,168.710007,169.029999,165.500000,165.750000,165.506821,72246700
2022-04-12,168.020004,169.869995,166.639999,167.660004,167.414032,79265200
2022-04-13,167.389999,171.039993,166.770004,170.399994,170.149994,70618900
2022-04-14,170.619995,171.270004,165.039993,165.289993,165.047501,75329400
2022-04-18,163.919998,166.600006,163.570007,165.070007,164.827835,69023900
2022-04-19,165.020004,167.820007,163.910004,167.399994,167.154404,67723800
2022-04-20,168.759995,168.880005,166.100006,167.229996,166.984650,67929800
2022-04-21,168.910004,171.529999,165.910004,166.419998,166.175842,87227800
2022-04-22,166.460007,167.869995,161.500000,161.789993,161.552628,84882400
2022-04-25,161.119995,163.169998,158.460007,162.880005,162.641037,96046400
2022-04-26,162.250000,162.339996,156.720001,156.800003,156.569962,95623200
2022-04-27,155.910004,159.789993,155.380005,156.570007,156.340302,88063200
2022-04-28,159.250000,164.520004,158.929993,163.639999,163.399918,130216800
2022-04-29,161.839996,166.199997,157.250000,157.649994,157.418701,131587100
2022-05-02,156.710007,158.229996,153.270004,157.960007,157.728256,123055300
2022-05-03,158.149994,160.710007,156.320007,159.479996,159.246017,88966500
2022-05-04,159.669998,166.479996,159.259995,166.020004,165.776428,108256500
2022-05-05,163.850006,164.080002,154.949997,156.770004,156.540009,130525300
2022-05-06,156.009995,159.440002,154.179993,157.279999,157.279999,116055700
2022-05-09,154.929993,155.830002,151.490005,152.059998,152.059998,131577900
2022-05-10,155.520004,156.740005,152.929993,154.509995,154.509995,115366700
2022-05-11,153.500000,155.449997,145.809998,146.500000,146.500000,142689800
2022-05-12,142.770004,146.199997,138.800003,142.559998,142.559998,182602000
2022-05-13,144.589996,148.100006,143.110001,147.110001,147.110001,113787000
2022-05-16,145.550003,147.520004,144.179993,145.539993,145.539993,86643800
2022-05-17,148.860001,149.770004,146.679993,149.240005,149.240005,78336300
2022-05-18,146.850006,147.360001,139.899994,140.820007,140.820007,109742900
2022-05-19,139.880005,141.660004,136.600006,137.350006,137.350006,136095600
2022-05-20,139.089996,140.699997,132.610001,137.589996,137.589996,137194600
2022-05-23,137.789993,143.259995,137.649994,143.110001,143.110001,117726300
2022-05-24,140.809998,141.970001,137.330002,140.360001,140.360001,104132700
2022-05-25,138.429993,141.789993,138.339996,140.520004,140.520004,92482700
2022-05-26,137.389999,144.339996,137.139999,143.779999,143.779999,90601500
2022-05-27,145.389999,149.679993,145.259995,149.639999,149.639999,90978500
2022-05-31,149.070007,150.660004,146.839996,148.839996,148.839996,103718400
2022-06-01,149.899994,151.740005,147.679993,148.710007,148.710007,74143400